essential_test4.txt
 fin lecture 
 p 36
 avant lecture 
 apres lecture 
 apres contraintes 
0.0121462  -0.149517  0.0272993  -0.138859  0.00147601  -0.69268  -0.0281015  0.690426  0.0136108  
0 0.707107
-0.707106 0.707107
-0.707106 0.707107
-0.707106 0.707107
-0.707106 0.707107
-0.707106 0.707107
-0.707106 0.707107
-0.707106 0.707107
-0.707106 0.707107
 box ([0, 0.7071067811865476] ; [-0.7071067811865475, 0.7071067811865476] ; [-0.7071067811865475, 0.7071067811865476] ; [-0.7071067811865475, 0.7071067811865476] ; [-0.7071067811865475, 0.7071067811865476] ; [-0.7071067811865475, 0.7071067811865476] ; [-0.7071067811865475, 0.7071067811865476] ; [-0.7071067811865475, 0.7071067811865476] ; [-0.7071067811865475, 0.7071067811865476] ; [0, 1e-20])
 Q 10
 nobs 36
 nobs 36
 avant solver ([0, 0.7071067811865476] ; [-0.7071067811865475, 0.7071067811865476] ; [-0.7071067811865475, 0.7071067811865476] ; [-0.7071067811865475, 0.7071067811865476] ; [-0.7071067811865475, 0.7071067811865476] ; [-0.7071067811865475, 0.7071067811865476] ; [-0.7071067811865475, 0.7071067811865476] ; [-0.7071067811865475, 0.7071067811865476] ; [-0.7071067811865475, 0.7071067811865476] ; [0, 1e-20])
 nb inliers 0
 apres solver 
box init ([0, 0.7071067811865476] ; [-0.7071067811865475, 0.7071067811865476] ; [-0.7071067811865475, 0.7071067811865476] ; [-0.7071067811865475, 0.7071067811865476] ; [-0.7071067811865475, 0.7071067811865476] ; [-0.7071067811865475, 0.7071067811865476] ; [-0.7071067811865475, 0.7071067811865476] ; [-0.7071067811865475, 0.7071067811865476] ; [-0.7071067811865475, 0.7071067811865476] ; [0, 1e-20])
essential (([-8.83893476483185, 9.192488155425125] ; [-9.192488155425123, 9.192488155425125] ; [-9.192488155425123, 9.192488155425125])
([-9.546041546018398, 9.546041546018398] ; [-9.546041546018398, 9.546041546018398] ; [-9.546041546018398, 9.546041546018398])
([-9.546041546018398, 9.546041546018398] ; [-9.546041546018398, 9.546041546018398] ; [-9.546041546018398, 9.546041546018398]))
 box apres essential  ([0, 0.7071067811865476] ; [-0.7071067811865475, 0.7071067811865476] ; [-0.7071067811865475, 0.7071067811865476] ; [-0.7071067811865475, 0.7071067811865476] ; [-0.7071067811865475, 0.7071067811865476] ; [-0.7071067811865475, 0.7071067811865476] ; [-0.7071067811865475, 0.7071067811865476] ; [-0.7071067811865475, 0.7071067811865476] ; [-0.7071067811865475, 0.7071067811865476] ; [0, 1e-20])
 box apres ctcnorm  ([0, 0.7071067811865476] ; [-0.7071067811865475, 0.7071067811865476] ; [-0.7071067811865475, 0.7071067811865476] ; [-0.7071067811865475, 0.7071067811865476] ; [-0.7071067811865475, 0.7071067811865476] ; [-0.7071067811865475, 0.7071067811865476] ; [-0.7071067811865475, 0.7071067811865476] ; [-0.7071067811865475, 0.7071067811865476] ; [-0.7071067811865475, 0.7071067811865476] ; [0, 1e-20])
essential apres contract (([-8.83893476483185, 9.192488155425125] ; [-9.192488155425123, 9.192488155425125] ; [-9.192488155425123, 9.192488155425125])
([-9.546041546018398, 9.546041546018398] ; [-9.546041546018398, 9.546041546018398] ; [-9.546041546018398, 9.546041546018398])
([-9.546041546018398, 9.546041546018398] ; [-9.546041546018398, 9.546041546018398] ; [-9.546041546018398, 9.546041546018398]))
determinant [-2.121420343559644, 2.121420343559644] point size 36
solution([0.0110485434560398, 0.01520543582708014] ; [-0.1546796083845573, -0.1491553366565373] ; [0.02209708691207966, 0.03314563036811948] ; [-0.1419584192903303, -0.1325825214724776] ; [5.551115123125782e-17, 0.007213380776875418] ; [-0.6947632095205399, -0.6914405175988093] ; [-0.03314563036811937, -0.02209708691207955] ; [0.6883095624404232, 0.6914259757167896] ; [0.00971317286705429, 0.01695472403229799] ; [0, 1e-20]) psize 31 q1 31 q2 1
 time 0.2276680000000006
 nb boxes 122
 depth 62
 valid point (0.01104854345603981 ; -0.1498872522594384 ; 0.02209708691207968 ; -0.1329825376067326 ; 5.551115123125783e-17 ; -0.6940385970734193 ; -0.02960724058840585 ; 0.6902745654469591 ; 0.01092017576609764 ; 0)
 best sol point (0.01104854345603981 ; -0.1498872522594384 ; 0.02209708691207968 ; -0.1329825376067326 ; 5.551115123125783e-17 ; -0.6940385970734193 ; -0.02960724058840585 ; 0.6902745654469591 ; 0.01092017576609764 ; 0)
 qmax epsboxes 0
solution([0.0110485434560398, 0.01519276356323653] ; [-0.1546796083845573, -0.1491553366565373] ; [0.02762135864009956, 0.03314563036811948] ; [-0.1419584192903303, -0.1325825214724776] ; [5.551115123125782e-17, 0.006836103864784557] ; [-0.6944444638248279, -0.6914405175988093] ; [-0.03314563036811937, -0.02209708691207955] ; [0.6884509311579091, 0.6913504749929052] ; [0.01008728215148241, 0.01695472403229799] ; [0, 1e-20]) psize 30 q1 30 q2 18
 time 0.2347550000000007
 nb boxes 124
 depth 63
 valid point (0.01340352431417645 ; -0.1544043189443993 ; 0.02762135864009957 ; -0.1328003923997328 ; 0.00368129894973147 ; -0.693796989090947 ; -0.03314563036811936 ; 0.6890381048420078 ; 0.01695472403229799 ; 0)
 best sol point (0.01340352431417645 ; -0.1544043189443993 ; 0.02762135864009957 ; -0.1328003923997328 ; 0.00368129894973147 ; -0.693796989090947 ; -0.03314563036811936 ; 0.6890381048420078 ; 0.01695472403229799 ; 0)
 qmax epsboxes 0
solution([0.0110485434560398, 0.01265912149437931] ; [-0.1519174725205473, -0.1491553366565373] ; [0.02209708691207966, 0.02485922277608962] ; [-0.1419584192903303, -0.1372704703814039] ; [5.551115123125782e-17, 0.003245847163933737] ; [-0.6935723665971371, -0.6918007427619334] ; [-0.03090182975096782, -0.02762135864009945] ; [0.6894058177500475, 0.6908961761988933] ; [0.01239158313057492, 0.01354471252216227] ; [0, 1e-20]) psize 28 q1 27 q2 19
 time 0.2984300000000011
 nb boxes 148
 depth 69
 valid point (0.0113910058310054 ; -0.1491553366565373 ; 0.02485922277608962 ; -0.1372704703814039 ; 0.002208281949817612 ; -0.693159251292073 ; -0.02762135864009945 ; 0.6905137037995191 ; 0.01354471252216227 ; 0)
 best sol point (0.0113910058310054 ; -0.1491553366565373 ; 0.02485922277608962 ; -0.1372704703814039 ; 0.002208281949817612 ; -0.693159251292073 ; -0.02762135864009945 ; 0.6905137037995191 ; 0.01354471252216227 ; 0)
 qmax epsboxes 31
solution([0.0110485434560398, 0.01271528970438868] ; [-0.1546796083845573, -0.1491553366565373] ; [0.02209708691207966, 0.02762135864009957] ; [-0.1419584192903303, -0.1372704703814039] ; [0.0002978107135582744, 0.003455718450999073] ; [-0.6936441300929885, -0.6915832922832213] ; [-0.02762135864009946, -0.02209708691207955] ; [0.6888558610306796, 0.6911832886388888] ; [0.01354689951319049, 0.01684699607753605] ; [0, 1e-20]) psize 30 q1 30 q2 20
 time 0.3086840000000012
 nb boxes 150
 depth 67
 valid point (0.0116317079982707 ; -0.1546796083845572 ; 0.02364272880738971 ; -0.1419584192903302 ; 0.001963568568678657 ; -0.692192097986066 ; -0.02762135864009945 ; 0.6892934711536949 ; 0.0135468995131905 ; 0)
 best sol point (0.0116317079982707 ; -0.1546796083845572 ; 0.02364272880738971 ; -0.1419584192903302 ; 0.001963568568678657 ; -0.692192097986066 ; -0.02762135864009945 ; 0.6892934711536949 ; 0.0135468995131905 ; 0)
 qmax epsboxes 31
solution([0.009818110986416153, 0.01104854345603981] ; [-0.1767766952966369, -0.1740145396056922] ; [0.02209708691207966, 0.0279698863083023] ; [-0.1410966285552856, -0.1325825214724776] ; [5.551115123125782e-17, 0.004294637726845009] ; [-0.694496076354516, -0.6920015396192962] ; [-0.02540967138372279, -0.02069401268659366] ; [0.6837649932189546, 0.6844508289199919] ; [0.009458672796512459, 0.0139708416402925] ; [0, 1e-20]) psize 31 q1 31 q2 21
 time 48.10692700002472
 nb boxes 26504
 depth 60
 valid point (0.01104854345603981 ; -0.1760354791198054 ; 0.02635853154110137 ; -0.1360362576123256 ; 5.551115123125783e-17 ; -0.6932669695952284 ; -0.02069401268659366 ; 0.6844508289199919 ; 0.01141919124656629 ; 0)
 best sol point (0.01104854345603981 ; -0.1760354791198054 ; 0.02635853154110137 ; -0.1360362576123256 ; 5.551115123125783e-17 ; -0.6932669695952284 ; -0.02069401268659366 ; 0.6844508289199919 ; 0.01141919124656629 ; 0)
 qmax epsboxes 32
solution([0.01891871486607493, 0.0212750558498535] ; [-0.1657281518405971, -0.1630458645907973] ; [0.03866990209613938, 0.04419417382415928] ; [-0.1222526647048874, -0.1190533658882899] ; [0.005213123728931781, 0.008267527415168855] ; [-0.6959835969679453, -0.6954225652019446] ; [-0.05115860918584713, -0.04782084163017583] ; [0.6846576014103444, 0.6852863336730147] ; [0.0248184980959405, 0.02628099578521059] ; [0, 1e-20]) psize 27 q1 26 q2 22
 time 107.8186090001323
 nb boxes 63204
 depth 62
 valid point (0.01990785496321435 ; -0.165728151840597 ; 0.0415806742305041 ; -0.1190533658882899 ; 0.006969603933905653 ; -0.6954225652019446 ; -0.0481683498976472 ; 0.6852863336730147 ; 0.02628099578521059 ; 0)
 best sol point (0.01990785496321435 ; -0.165728151840597 ; 0.0415806742305041 ; -0.1190533658882899 ; 0.006969603933905653 ; -0.6954225652019446 ; -0.0481683498976472 ; 0.6852863336730147 ; 0.02628099578521059 ; 0)
 qmax epsboxes 32
solution([0.005524271728019902, 0.006806107971832397] ; [-0.1767766952966369, -0.1747571722549308] ; [0.003816764019706208, 0.01104854345603987] ; [-0.1266950478075241, -0.1201403287602085] ; [5.551115123125782e-17, 0.005572726187517541] ; [-0.6971718386020484, -0.6960097394357011] ; [-0.01629612960413947, -0.01129845527181786] ; [0.6839890121987634, 0.6844995851320415] ; [0.004064722858438331, 0.00706562296478073] ; [0, 1e-20]) psize 30 q1 30 q2 23
 time 145.212778000247
 nb boxes 86390
 depth 61
 valid point (0.006365822024761289 ; -0.1764953110657787 ; 0.01104854345603986 ; -0.1206918482171027 ; 4.544257823414517e-05 ; -0.6966145461113495 ; -0.01629612960413946 ; 0.6844995851320415 ; 0.006035411767651328 ; 1e-20)
 best sol point (0.006365822024761289 ; -0.1764953110657787 ; 0.01104854345603986 ; -0.1206918482171027 ; 4.544257823414517e-05 ; -0.6966145461113495 ; -0.01629612960413946 ; 0.6844995851320415 ; 0.006035411767651328 ; 1e-20)
 qmax epsboxes 32
solution([0.005524271728019902, 0.005951002749332431] ; [-0.1767766952966369, -0.1753949255211856] ; [0.005045247385904817, 0.007432653737873036] ; [-0.1261032065625354, -0.1232249079990031] ; [5.551115123125782e-17, 0.001556958831336992] ; [-0.6965241250234058, -0.6960097394357011] ; [-0.01629612960413947, -0.01463668011454793] ; [0.6841478788026837, 0.6844995851320415] ; [0.004213415849605809, 0.005369800463487997] ; [0, 1e-20]) psize 26 q1 26 q2 24
 time 145.2232690002471
 nb boxes 86394q
 depth 63
 valid point (0.005524271728019903 ; -0.1763311145968717 ; 0.007432653737873036 ; -0.1232249079990031 ; 5.561957144850638e-17 ; -0.6962489511766591 ; -0.0151108582198624 ; 0.6844995851320415 ; 0.004745849281735633 ; 0)
 best sol point (0.005524271728019903 ; -0.1763311145968717 ; 0.007432653737873036 ; -0.1232249079990031 ; 5.561957144850638e-17 ; -0.6962489511766591 ; -0.0151108582198624 ; 0.6844995851320415 ; 0.004745849281735633 ; 0)
 qmax epsboxes 32
