essential_test4.txt
 fin lecture 
 p 36
 avant lecture 
 apres lecture 
 apres contraintes 
0.0121462  -0.149517  0.0272993  -0.138859  0.00147601  -0.69268  -0.0281015  0.690426  0.0136108  
0 0.707107
-0.707106 0.707107
-0.707106 0.707107
-0.707106 0.707107
-0.707106 0.707107
-0.707106 0.707107
-0.707106 0.707107
-0.707106 0.707107
-0.707106 0.707107
 box ([0, 0.7071067811865476] ; [-0.7071067811865475, 0.7071067811865476] ; [-0.7071067811865475, 0.7071067811865476] ; [-0.7071067811865475, 0.7071067811865476] ; [-0.7071067811865475, 0.7071067811865476] ; [-0.7071067811865475, 0.7071067811865476] ; [-0.7071067811865475, 0.7071067811865476] ; [-0.7071067811865475, 0.7071067811865476] ; [-0.7071067811865475, 0.7071067811865476] ; [0, 1e-20])
 Q 10
 nobs 36
 nobs 36
 avant solver ([0, 0.7071067811865476] ; [-0.7071067811865475, 0.7071067811865476] ; [-0.7071067811865475, 0.7071067811865476] ; [-0.7071067811865475, 0.7071067811865476] ; [-0.7071067811865475, 0.7071067811865476] ; [-0.7071067811865475, 0.7071067811865476] ; [-0.7071067811865475, 0.7071067811865476] ; [-0.7071067811865475, 0.7071067811865476] ; [-0.7071067811865475, 0.7071067811865476] ; [0, 1e-20])
 nb inliers 0
 apres solver 
box init ([0, 0.7071067811865476] ; [-0.7071067811865475, 0.7071067811865476] ; [-0.7071067811865475, 0.7071067811865476] ; [-0.7071067811865475, 0.7071067811865476] ; [-0.7071067811865475, 0.7071067811865476] ; [-0.7071067811865475, 0.7071067811865476] ; [-0.7071067811865475, 0.7071067811865476] ; [-0.7071067811865475, 0.7071067811865476] ; [-0.7071067811865475, 0.7071067811865476] ; [0, 1e-20])
essential (([-8.83893476483185, 9.192488155425125] ; [-9.192488155425123, 9.192488155425125] ; [-9.192488155425123, 9.192488155425125])
([-9.546041546018398, 9.546041546018398] ; [-9.546041546018398, 9.546041546018398] ; [-9.546041546018398, 9.546041546018398])
([-9.546041546018398, 9.546041546018398] ; [-9.546041546018398, 9.546041546018398] ; [-9.546041546018398, 9.546041546018398]))
 box apres essential  ([0, 0.7071067811865476] ; [-0.7071067811865475, 0.7071067811865476] ; [-0.7071067811865475, 0.7071067811865476] ; [-0.7071067811865475, 0.7071067811865476] ; [-0.7071067811865475, 0.7071067811865476] ; [-0.7071067811865475, 0.7071067811865476] ; [-0.7071067811865475, 0.7071067811865476] ; [-0.7071067811865475, 0.7071067811865476] ; [-0.7071067811865475, 0.7071067811865476] ; [0, 1e-20])
 box apres ctcnorm  ([0, 0.7071067811865476] ; [-0.7071067811865475, 0.7071067811865476] ; [-0.7071067811865475, 0.7071067811865476] ; [-0.7071067811865475, 0.7071067811865476] ; [-0.7071067811865475, 0.7071067811865476] ; [-0.7071067811865475, 0.7071067811865476] ; [-0.7071067811865475, 0.7071067811865476] ; [-0.7071067811865475, 0.7071067811865476] ; [-0.7071067811865475, 0.7071067811865476] ; [0, 1e-20])
essential apres contract (([-8.83893476483185, 9.192488155425125] ; [-9.192488155425123, 9.192488155425125] ; [-9.192488155425123, 9.192488155425125])
([-9.546041546018398, 9.546041546018398] ; [-9.546041546018398, 9.546041546018398] ; [-9.546041546018398, 9.546041546018398])
([-9.546041546018398, 9.546041546018398] ; [-9.546041546018398, 9.546041546018398] ; [-9.546041546018398, 9.546041546018398]))
determinant [-2.121420343559644, 2.121420343559644] point size 36
solution([0.0110485434560398, 0.01520543582708014] ; [-0.1546796083845573, -0.1491553366565373] ; [0.02209708691207966, 0.03314563036811948] ; [-0.1419584192903303, -0.1325825214724776] ; [5.551115123125782e-17, 0.007213380776875418] ; [-0.6947632095205399, -0.6914405175988093] ; [-0.03314563036811937, -0.02209708691207955] ; [0.6883095624404232, 0.6914259757167896] ; [0.00971317286705429, 0.01695472403229799] ; [0, 1e-20]) psize 31 q1 31 q2 1
 time 0.2235410000000005
 nb boxes 122
 depth 62
 valid point (0.01104854345603981 ; -0.1498872522594384 ; 0.02209708691207968 ; -0.1329825376067326 ; 5.551115123125783e-17 ; -0.6940385970734193 ; -0.02960724058840585 ; 0.6902745654469591 ; 0.01092017576609764 ; 0)
 best sol point (0.01104854345603981 ; -0.1498872522594384 ; 0.02209708691207968 ; -0.1329825376067326 ; 5.551115123125783e-17 ; -0.6940385970734193 ; -0.02960724058840585 ; 0.6902745654469591 ; 0.01092017576609764 ; 0)
 qmax epsboxes 0
solution([0.0110485434560398, 0.01519276356323653] ; [-0.1546796083845573, -0.1491553366565373] ; [0.02762135864009956, 0.03314563036811948] ; [-0.1419584192903303, -0.1325825214724776] ; [5.551115123125782e-17, 0.006836103864784557] ; [-0.6944444638248279, -0.6914405175988093] ; [-0.03314563036811937, -0.02209708691207955] ; [0.6884509311579091, 0.6913504749929052] ; [0.01008728215148241, 0.01695472403229799] ; [0, 1e-20]) psize 30 q1 30 q2 18
 time 0.2306570000000005
 nb boxes 124
 depth 63
 valid point (0.01340352431417645 ; -0.1544043189443993 ; 0.02762135864009957 ; -0.1328003923997328 ; 0.00368129894973147 ; -0.693796989090947 ; -0.03314563036811936 ; 0.6890381048420078 ; 0.01695472403229799 ; 0)
 best sol point (0.01340352431417645 ; -0.1544043189443993 ; 0.02762135864009957 ; -0.1328003923997328 ; 0.00368129894973147 ; -0.693796989090947 ; -0.03314563036811936 ; 0.6890381048420078 ; 0.01695472403229799 ; 0)
 qmax epsboxes 0
solution([0.0110485434560398, 0.01256875589620714] ; [-0.1519174725205473, -0.1491553366565373] ; [0.02209708691207966, 0.02485922277608962] ; [-0.1419584192903303, -0.1372704703814039] ; [5.551115123125782e-17, 0.003243714496673008] ; [-0.6935683840734962, -0.6918025133498655] ; [-0.02988035290637348, -0.02762135864009945] ; [0.6894280119054908, 0.6908904499317213] ; [0.01266463383569352, 0.01354471252216227] ; [0, 1e-20]) psize 27 q1 27 q2 19
 time 0.2920800000000007
 nb boxes 148
 depth 69
 valid point (0.01138977816581079 ; -0.1491553366565373 ; 0.02485922277608962 ; -0.1372704703814039 ; 0.002209974764210126 ; -0.6931637882464589 ; -0.02762135864009945 ; 0.6905135475633462 ; 0.01354471252216227 ; 0)
 best sol point (0.01138977816581079 ; -0.1491553366565373 ; 0.02485922277608962 ; -0.1372704703814039 ; 0.002209974764210126 ; -0.6931637882464589 ; -0.02762135864009945 ; 0.6905135475633462 ; 0.01354471252216227 ; 0)
 qmax epsboxes 31
solution([0.0110485434560398, 0.01271528970438868] ; [-0.1546796083845573, -0.1491553366565373] ; [0.02209708691207966, 0.02762135864009957] ; [-0.1419584192903303, -0.1372704703814039] ; [0.0002978107135582744, 0.003455718450999073] ; [-0.6936441300929885, -0.6915832922832213] ; [-0.02762135864009946, -0.02209708691207955] ; [0.6888558610306796, 0.6911832886388888] ; [0.01354689951319049, 0.01589051359679931] ; [0, 1e-20]) psize 30 q1 29 q2 20
 time 0.3021600000000008
 nb boxes 150
 depth 67
 valid point (0.0114977249344231 ; -0.1546796083845572 ; 0.02303958602094082 ; -0.1419584192903302 ; 0.002100056359880808 ; -0.6922169278170275 ; -0.02762135864009945 ; 0.6892950619656862 ; 0.0135468995131905 ; 0)
 best sol point (0.0114977249344231 ; -0.1546796083845572 ; 0.02303958602094082 ; -0.1419584192903302 ; 0.002100056359880808 ; -0.6922169278170275 ; -0.02762135864009945 ; 0.6892950619656862 ; 0.0135468995131905 ; 0)
 qmax epsboxes 31
solution([0.005524271728019902, 0.006634435812677485] ; [-0.1666397599778047, -0.1635483508987016] ; [0.007888868965853394, 0.01104854345603987] ; [-0.1410948312517872, -0.1325825214724776] ; [5.551115123125782e-17, 0.002559522477192856] ; [-0.6948368574935607, -0.6924571989353359] ; [-0.0160784034234166, -0.01141956264006934] ; [0.6873866557007595, 0.6881251208587585] ; [0.004576011000504757, 0.007140628747588728] ; [0, 1e-20]) psize 30 q1 30 q2 21
 time 19.87307600000426
 nb boxes 10926
 depth 62
 valid point (0.005524271728019903 ; -0.1635483508987016 ; 0.007888868965853395 ; -0.1339396845088243 ; 5.551115123125783e-17 ; -0.6942377585281862 ; -0.01568668504348175 ; 0.6877261436650264 ; 0.005125281029006563 ; 0)
 best sol point (0.005524271728019903 ; -0.1635483508987016 ; 0.007888868965853395 ; -0.1339396845088243 ; 5.551115123125783e-17 ; -0.6942377585281862 ; -0.01568668504348175 ; 0.6877261436650264 ; 0.005125281029006563 ; 0)
 qmax epsboxes 32
solution([0.0110485434560398, 0.01204465979061697] ; [-0.1767766952966369, -0.1743052858402539] ; [0.01736099664114456, 0.02209708691207967] ; [-0.1400144092107312, -0.1325825214724776] ; [5.551115123125782e-17, 0.006429503912015207] ; [-0.6946107567615881, -0.6922444662457255] ; [-0.02519765971876288, -0.02146553454487027] ; [0.6835968554005262, 0.6842280030519643] ; [0.01001861964199796, 0.01342665476917503] ; [0, 1e-20]) psize 31 q1 30 q2 22
 time 46.76795100002378
 nb boxes 25884
 depth 59
 valid point (0.01104854345603981 ; -0.1767766952966368 ; 0.01927968504586261 ; -0.1400144092107311 ; 0.001067084187900263 ; -0.6927520449561936 ; -0.02519765971876287 ; 0.684078709787017 ; 0.01178767606642735 ; 0)
 best sol point (0.01104854345603981 ; -0.1767766952966368 ; 0.01927968504586261 ; -0.1400144092107311 ; 0.001067084187900263 ; -0.6927520449561936 ; -0.02519765971876287 ; 0.684078709787017 ; 0.01178767606642735 ; 0)
 qmax epsboxes 32
solution([0.01779458469510328, 0.02073023529752526] ; [-0.1767766952966369, -0.1712524235686169] ; [0.03314563036811947, 0.04118047234937739] ; [-0.1244208277368412, -0.1191168765558153] ; [0.005409088341071998, 0.007590845636970215] ; [-0.6963576730197464, -0.6954225652019446] ; [-0.04661325272438529, -0.04419417382415916] ; [0.6819499348014161, 0.6847513199939888] ; [0.0225335066080486, 0.02373326606775075] ; [0, 1e-20]) psize 28 q1 28 q2 23
 time 97.72856800011016
 nb boxes 56732
 depth 62
 valid point (0.01902879900815955 ; -0.1767766952966368 ; 0.03727047862677731 ; -0.1206826525941407 ; 0.005409088341071999 ; -0.6954225652019446 ; -0.04419417382415916 ; 0.6828563896930234 ; 0.02373326606775075 ; 1e-20)
 best sol point (0.01902879900815955 ; -0.1767766952966368 ; 0.03727047862677731 ; -0.1206826525941407 ; 0.005409088341071999 ; -0.6954225652019446 ; -0.04419417382415916 ; 0.6828563896930234 ; 0.02373326606775075 ; 1e-20)
 qmax epsboxes 32
solution([0.004664742814877013, 0.005524271728019903] ; [-0.1767766952966369, -0.1752692469030269] ; [0.005524271728019958, 0.01014803598242332] ; [-0.1233144383168414, -0.1199868001688811] ; [5.551115123125782e-17, 0.003412996160719968] ; [-0.6971197170467963, -0.6960586446824015] ; [-0.01756261182645673, -0.01429604401567328] ; [0.6841173237722152, 0.6844995851320415] ; [0.003842649742569655, 0.006761033247873162] ; [0, 1e-20]) psize 30 q1 27 q2 24
 time 129.8383830001801
 nb boxes 76594
 depth 64
 valid point (0.005524271728019903 ; -0.1765598998746734 ; 0.009426664267618828 ; -0.1233144383168413 ; 5.594483210025203e-17 ; -0.6961906033739053 ; -0.01429604401567328 ; 0.6844995851320415 ; 0.005279243215225336 ; 1e-20)
 best sol point (0.00524271728019903 ; -0.1765598998746734 ; 0.009426664267618828 ; -0.1233144383168413 ; 5.594483210025203e-17 ; -0.6961906033739053 ; -0.01429604401567328 ; 0.6844995851320415 ; 0.005279243215225336 ; 1e-20)
 qmax epsboxes 32
