essential_test4.txt
 fin lecture 
 p 36
 avant lecture 
 apres lecture 
 apres contraintes 
0.0121462  -0.149517  0.0272993  -0.138859  0.00147601  -0.69268  -0.0281015  0.690426  0.0136108  
0 0.707107
-0.707106 0.707107
-0.707106 0.707107
-0.707106 0.707107
-0.707106 0.707107
-0.707106 0.707107
-0.707106 0.707107
-0.707106 0.707107
-0.707106 0.707107
 box ([0, 0.7071067811865476] ; [-0.7071067811865475, 0.7071067811865476] ; [-0.7071067811865475, 0.7071067811865476] ; [-0.7071067811865475, 0.7071067811865476] ; [-0.7071067811865475, 0.7071067811865476] ; [-0.7071067811865475, 0.7071067811865476] ; [-0.7071067811865475, 0.7071067811865476] ; [-0.7071067811865475, 0.7071067811865476] ; [-0.7071067811865475, 0.7071067811865476] ; [0, 1e-20])
 Q 10
 nobs 36
 nobs 36
 avant solver ([0, 0.7071067811865476] ; [-0.7071067811865475, 0.7071067811865476] ; [-0.7071067811865475, 0.7071067811865476] ; [-0.7071067811865475, 0.7071067811865476] ; [-0.7071067811865475, 0.7071067811865476] ; [-0.7071067811865475, 0.7071067811865476] ; [-0.7071067811865475, 0.7071067811865476] ; [-0.7071067811865475, 0.7071067811865476] ; [-0.7071067811865475, 0.7071067811865476] ; [0, 1e-20])
 nb inliers 0
 apres solver 
box init ([0, 0.7071067811865476] ; [-0.7071067811865475, 0.7071067811865476] ; [-0.7071067811865475, 0.7071067811865476] ; [-0.7071067811865475, 0.7071067811865476] ; [-0.7071067811865475, 0.7071067811865476] ; [-0.7071067811865475, 0.7071067811865476] ; [-0.7071067811865475, 0.7071067811865476] ; [-0.7071067811865475, 0.7071067811865476] ; [-0.7071067811865475, 0.7071067811865476] ; [0, 1e-20])
essential (([-8.83893476483185, 9.192488155425125] ; [-9.192488155425123, 9.192488155425125] ; [-9.192488155425123, 9.192488155425125])
([-9.546041546018398, 9.546041546018398] ; [-9.546041546018398, 9.546041546018398] ; [-9.546041546018398, 9.546041546018398])
([-9.546041546018398, 9.546041546018398] ; [-9.546041546018398, 9.546041546018398] ; [-9.546041546018398, 9.546041546018398]))
 box apres essential  ([0, 0.7071067811865476] ; [-0.7071067811865475, 0.7071067811865476] ; [-0.7071067811865475, 0.7071067811865476] ; [-0.7071067811865475, 0.7071067811865476] ; [-0.7071067811865475, 0.7071067811865476] ; [-0.7071067811865475, 0.7071067811865476] ; [-0.7071067811865475, 0.7071067811865476] ; [-0.7071067811865475, 0.7071067811865476] ; [-0.7071067811865475, 0.7071067811865476] ; [0, 1e-20])
 box apres ctcnorm  ([0, 0.7071067811865476] ; [-0.7071067811865475, 0.7071067811865476] ; [-0.7071067811865475, 0.7071067811865476] ; [-0.7071067811865475, 0.7071067811865476] ; [-0.7071067811865475, 0.7071067811865476] ; [-0.7071067811865475, 0.7071067811865476] ; [-0.7071067811865475, 0.7071067811865476] ; [-0.7071067811865475, 0.7071067811865476] ; [-0.7071067811865475, 0.7071067811865476] ; [0, 1e-20])
essential apres contract (([-8.83893476483185, 9.192488155425125] ; [-9.192488155425123, 9.192488155425125] ; [-9.192488155425123, 9.192488155425125])
([-9.546041546018398, 9.546041546018398] ; [-9.546041546018398, 9.546041546018398] ; [-9.546041546018398, 9.546041546018398])
([-9.546041546018398, 9.546041546018398] ; [-9.546041546018398, 9.546041546018398] ; [-9.546041546018398, 9.546041546018398]))
determinant [-2.121420343559644, 2.121420343559644] point size 36
solution([0.0110485434560398, 0.01304625082414773] ; [-0.1491553366565374, -0.1436310649285174] ; [0.02209708691207966, 0.03314563036811948] ; [-0.1419584192903303, -0.1325825214724776] ; [5.551115123125782e-17, 0.00699731353656269] ; [-0.6932742190264283, -0.6914405175988093] ; [-0.03314563036811937, -0.02209708691207955] ; [0.6901375420684003, 0.692205132342242] ; [0.009923649626525478, 0.01693080136666212] ; [0, 1e-20]) psize 31 q1 31 q2 12
 time 0.2548330000000006
 nb boxes 128
 depth 65
 valid point (0.01243073058974659 ; -0.1491553366565373 ; 0.02209708691207967 ; -0.1419584192903302 ; 0.004695207638033729 ; -0.6921904222509598 ; -0.0327296989898525 ; 0.6901980444200185 ; 0.01693080136666212 ; 0)
 best sol point (0.01243073058974659 ; -0.1491553366565373 ; 0.02209708691207967 ; -0.1419584192903302 ; 0.004695207638033729 ; -0.6921904222509598 ; -0.0327296989898525 ; 0.6901980444200185 ; 0.01693080136666212 ; 0)
 qmax epsboxes 0
solution([0.0110485434560398, 0.01304625082414773] ; [-0.153848693714786, -0.1491553366565373] ; [0.02209708691207966, 0.02762135864009957] ; [-0.1419584192903303, -0.1375509616175292] ; [0.003389789339682621, 0.006770289379546191] ; [-0.6932742190264283, -0.6915785579105142] ; [-0.03314563036811937, -0.02209708691207955] ; [0.6901375420684003, 0.6911640787454166] ; [0.01354304041794229, 0.01693080136666212] ; [0, 1e-20]) psize 31 q1 31 q2 16
 time 0.2707660000000007
 nb boxes 134
 depth 68
 valid point (0.01140154904717875 ; -0.1505429063479163 ; 0.02209708691207967 ; -0.1419584192903302 ; 0.003389789339682622 ; -0.6922429852799625 ; -0.02884764537852028 ; 0.6901375420684004 ; 0.01485395001995245 ; 0)
 best sol point (0.01140154904717875 ; -0.1505429063479163 ; 0.02209708691207967 ; -0.1419584192903302 ; 0.003389789339682622 ; -0.6922429852799625 ; -0.02884764537852028 ; 0.6901375420684004 ; 0.01485395001995245 ; 0)
 qmax epsboxes 0
solution([0.0110485434560398, 0.01304625082414773] ; [-0.1529042827237448, -0.1491553366565373] ; [0.02209708691207966, 0.02762135864009957] ; [-0.1419584192903303, -0.1375509616175292] ; [5.551115123125782e-17, 0.003389789339682622] ; [-0.6932742190264283, -0.6924179478165395] ; [-0.03314563036811937, -0.02762135864009945] ; [0.6901375420684003, 0.6909667955031797] ; [0.0102238415632494, 0.01693080136666212] ; [0, 1e-20]) psize 31 q1 31 q2 18
 time 0.2794970000000007
 nb boxes 138
 depth 70
 valid point (0.01218515978323115 ; -0.1491553366565373 ; 0.02746101162437678 ; -0.1400520027424417 ; 0.002217022568640745 ; -0.6924179478165395 ; -0.02762135864009945 ; 0.6905128025821333 ; 0.01432809582291363 ; 1e-20)
 best sol point (0.01218515978323115 ; -0.1491553366565373 ; 0.02746101162437678 ; -0.1400520027424417 ; 0.002217022568640745 ; -0.6924179478165395 ; -0.02762135864009945 ; 0.6905128025821333 ; 0.01432809582291363 ; 1e-20)
 qmax epsboxes 0
solution([0.01204739714009376, 0.01282977437964961] ; [-0.1509382262823482, -0.1500467814694427] ; [0.02624029070809459, 0.02762135864009957] ; [-0.1397546904539298, -0.1375509616175292] ; [0.0003461722265732229, 0.001694894669841339] ; [-0.6932234335181469, -0.6924179478165395] ; [-0.02948807321086811, -0.02762135864009945] ; [0.6901375420684003, 0.6906578215650782] ; [0.0136075517307085, 0.01431035379583214] ; [0, 1e-20]) psize 25 q1 24 q2 19
 time 0.3953160000000012
 nb boxes 176
 depth 80
 valid point (0.0120763499190944 ; -0.1500467814694427 ; 0.02762135864009957 ; -0.1397546904539297 ; 0.001694894669841339 ; -0.692496391318736 ; -0.02762135864009945 ; 0.6902435140530221 ; 0.01397802422852444 ; 1e-20)
 best sol point (0.0120763499190944 ; -0.1500467814694427 ; 0.02762135864009957 ; -0.1397546904539297 ; 0.001694894669841339 ; -0.692496391318736 ; -0.02762135864009945 ; 0.6902435140530221 ; 0.01397802422852444 ; 1e-20)
 qmax epsboxes 24
solution([0.01246236236549737, 0.01304625082414773] ; [-0.1509382262823482, -0.1500467814694427] ; [0.02624029070809459, 0.02762135864009957] ; [-0.1386528260357296, -0.1375509616175292] ; [0.002261573038219708, 0.002824386609388976] ; [-0.6930713055617242, -0.6924179478165395] ; [-0.03181665853966162, -0.03048867107269667] ; [0.6901375420684003, 0.6904976499115948] ; [0.01574974360954597, 0.01629161187118345] ; [0, 1e-20]) psize 24 q1 24 q2 20
 time 0.5139850000000016
 nb boxes 224
 depth 83
 valid point (0.01298579788153662 ; -0.1500467814694427 ; 0.02762135864009957 ; -0.1375509616175292 ; 0.002824386609388976 ; -0.6928873204102796 ; -0.03095260800343359 ; 0.6902325979748425 ; 0.01574974360954598 ; 1e-20)
 best sol point (0.01298579788153662 ; -0.1500467814694427 ; 0.02762135864009957 ; -0.1375509616175292 ; 0.002824386609388976 ; -0.6928873204102796 ; -0.03095260800343359 ; 0.6902325979748425 ; 0.01574974360954598 ; 1e-20)
 qmax epsboxes 27
solution([0.01133918129794806, 0.01204739714009377] ; [-0.1509195206855089, -0.1491553366565373] ; [0.02485922277608961, 0.02762135864009957] ; [-0.1397546904539298, -0.1375509616175292] ; [0.0009371765706621135, 0.002157229762253703] ; [-0.6932742190264283, -0.6924179478165395] ; [-0.02925212858815271, -0.02762135864009945] ; [0.6901375420684003, 0.6908590290523082] ; [0.01357732146495576, 0.01480092206280482] ; [0, 1e-20]) psize 27 q1 25 q2 21
 time 0.6913420000000033
 nb boxes 286
 depth 77
 valid point (0.01165731404765836 ; -0.1509195206855088 ; 0.02485922277608962 ; -0.1375509616175292 ; 0.002157229762253703 ; -0.6929636103382794 ; -0.02762135864009945 ; 0.6901505130817756 ; 0.01376239207026217 ; 0)
 best sol point (0.01165731404765836 ; -0.1509195206855088 ; 0.02485922277608962 ; -0.1375509616175292 ; 0.002157229762253703 ; -0.6929636103382794 ; -0.02762135864009945 ; 0.6901505130817756 ; 0.01376239207026217 ; 0)
 qmax epsboxes 29
solution([0.0110485434560398, 0.01173985194398496] ; [-0.1767766952966369, -0.174883549218563] ; [0.01847385838689673, 0.02209708691207967] ; [-0.1380757847116331, -0.1325825214724776] ; [5.551115123125782e-17, 0.001607961247699326] ; [-0.6945192467266494, -0.6934719661499425] ; [-0.02561895020928892, -0.02293657737714552] ; [0.6837465908070398, 0.6842280030519643] ; [0.01023366094713967, 0.01171601579862962] ; [0, 1e-20]) psize 28 q1 27 q2 22
 time 58.65168600003328
 nb boxes 31114
 depth 62
 valid point (0.01104854345603981 ; -0.1761158534707582 ; 0.02209708691207967 ; -0.1325825214724776 ; 0.0009690910067926395 ; -0.6941362089098752 ; -0.02386301406740209 ; 0.6842280030519643 ; 0.01171601579862962 ; 0)
 best sol point (0.01104854345603981 ; -0.1761158534707582 ; 0.02209708691207967 ; -0.1325825214724776 ; 0.0009690910067926395 ; -0.6941362089098752 ; -0.02386301406740209 ; 0.6842280030519643 ; 0.01171601579862962 ; 0)
 qmax epsboxes 32
solution([0.01232148999338495, 0.01242645339547312] ; [-0.1767766952966369, -0.1743168162896362] ; [0.02156949743442484, 0.02209708691207967] ; [-0.1396593969152081, -0.1368749485059339] ; [0.0001703690830497736, 0.001844581066116667] ; [-0.6931315588350885, -0.6924396697733756] ; [-0.0276761304167931, -0.02725284874853331] ; [0.6842280030519642, 0.6848027380874315] ; [0.01282707994122471, 0.01332375114531524] ; [0, 1e-20]) psize 26 q1 26 q2 23
 time 59.09349200003364
 nb boxes 31322
 depth 63
 valid point (0.01232148999338496 ; -0.1748115504015881 ; 0.02209708691207967 ; -0.139659396915208 ; 0.001489103606441753 ; -0.6926357540032692 ; -0.02767613041679309 ; 0.6844794147858855 ; 0.01332375114531524 ; 1e-20)
 best sol point (0.01232148999338496 ; -0.1748115504015881 ; 0.02209708691207967 ; -0.139659396915208 ; 0.001489103606441753 ; -0.6926357540032692 ; -0.02767613041679309 ; 0.6844794147858855 ; 0.01332375114531524 ; 1e-20)
 qmax epsboxes 32
solution([0.01232148999338495, 0.01246057364193565] ; [-0.1767766952966369, -0.1735726060078603] ; [0.02139924132058934, 0.02209708691207967] ; [-0.1395358115914817, -0.1359697462720532] ; [0.0008323567510698176, 0.002573111771434647] ; [-0.6933027145630642, -0.6924299753661685] ; [-0.0276761304167931, -0.02711511444456283] ; [0.6842280030519642, 0.6849872644260667] ; [0.01332375114531523, 0.01369301658822827] ; [0, 1e-20]) psize 26 q1 26 q2 24
 time 59.09694200003365
 nb boxes 31322
 depth 63
 valid point (0.01232148999338496 ; -0.1760175394353969 ; 0.02209708691207967 ; -0.1383723429533206 ; 0.001498523275380208 ; -0.6929588875016272 ; -0.02767613041679309 ; 0.6842280030519643 ; 0.01332375114531524 ; 1e-20)
 best sol point (0.01232148999338496 ; -0.1760175394353969 ; 0.02209708691207967 ; -0.1383723429533206 ; 0.001498523275380208 ; -0.6929588875016272 ; -0.02767613041679309 ; 0.6842280030519643 ; 0.01332375114531524 ; 1e-20)
 qmax epsboxes 32
solution([0.01806234530125964, 0.01912092926638656] ; [-0.2772040995307759, -0.2738714188140301] ; [0.03034877376953297, 0.03715896287779095] ; [-0.09668614058419134, -0.08838834764831839] ; [5.551115123125782e-17, 0.003151023850072959] ; [-0.7009271408672802, -0.6991598097707436] ; [-0.03449044718817855, -0.03199199391849537] ; [0.6490982497012491, 0.6504786058296547] ; [0.01737162272560308, 0.02071785271194047] ; [0, 1e-20]) psize 30 q1 30 q2 25
 time 14121.52859215
 nb boxes 8218320
 depth 59
 valid point (0.01817858607406502 ; -0.2746684704104244 ; 0.03034877376953298 ; -0.08838834764831839 ; 5.941427905220565e-17 ; -0.7006807843100848 ; -0.03199199391849537 ; 0.6504786058296547 ; 0.01774643160063518 ; 0)
 best sol point (0.01817858607406502 ; -0.2746684704104244 ; 0.03034877376953298 ; -0.08838834764831839 ; 5.941427905220565e-17 ; -0.7006807843100848 ; -0.03199199391849537 ; 0.6504786058296547 ; 0.01774643160063518 ; 0)
 qmax epsboxes 34
solution([0.01790366509615196, 0.01837293955351893] ; [-0.2687799346680033, -0.2651650429449552] ; [0.03140811858044736, 0.03463589234670021] ; [-0.09675983831219038, -0.09104412148049491] ; [5.551115123125782e-17, 0.001168978817873518] ; [-0.6999484579123736, -0.6992492066479365] ; [-0.03311802344400588, -0.03199199391849537] ; [0.6532190917679503, 0.6547043349510024] ; [0.01749889213500039, 0.01876134089952441] ; [0, 1e-20]) psize 29 q1 29 q2 26
 time 14122.39196915014
 nb boxes 8218692
 depth 64
 valid point (0.01837293955351893 ; -0.2651650429449552 ; 0.03224087723513241 ; -0.09675983831219037 ; 5.551115123125783e-17 ; -0.6994556891587055 ; -0.03199199391849537 ; 0.6545469546538181 ; 0.01842766155476008 ; 0)
 best sol point (0.01837293955351893 ; -0.2651650429449552 ; 0.03224087723513241 ; -0.09675983831219037 ; 5.551115123125783e-17 ; -0.6994556891587055 ; -0.03199199391849537 ; 0.6545469546538181 ; 0.01842766155476008 ; 0)
 qmax epsboxes 34
solution([0.01837293955351892, 0.01888116717819033] ; [-0.2669659928707012, -0.2651650429449552] ; [0.03140811858044736, 0.03236017045312032] ; [-0.09420391241230941, -0.09167706450947835] ; [5.551115123125782e-17, 0.001000095496827422] ; [-0.6999484579123736, -0.6996118332082937] ; [-0.0332535966292311, -0.03199199391849537] ; [0.6534502570180896, 0.6546676529344783] ; [0.01823719006029618, 0.01876134089952441] ; [0, 1e-20]) psize 29 q1 29 q2 27
 time 14122.41011315014
 nb boxes 8218696
 depth 66
 valid point (0.01888116717819033 ; -0.2669659928707011 ; 0.03236017045312032 ; -0.09253893248501765 ; 0.0002124397089411254 ; -0.6999484579123735 ; -0.03325359662923109 ; 0.6536698226892622 ; 0.01876134089952441 ; 1e-20)
 best sol point (0.01888116717819033 ; -0.2669659928707011 ; 0.03236017045312032 ; -0.09253893248501765 ; 0.0002124397089411254 ; -0.6999484579123735 ; -0.03325359662923109 ; 0.6536698226892622 ; 0.01876134089952441 ; 1e-20)
 qmax epsboxes 34
solution([0.01888116717819032, 0.02209708691207962] ; [-0.271015618691997, -0.2651650429449552] ; [0.0278806368612642, 0.03314563036811948] ; [-0.09842485433669532, -0.0893524461016517] ; [5.551115123125782e-17, 0.003955550467472917] ; [-0.7000558691248702, -0.6988380665301989] ; [-0.03978701048683866, -0.03588950220266701] ; [0.6511537984096217, 0.6545458643552952] ; [0.02004244683340459, 0.02241498551238907] ; [0, 1e-20]) psize 30 q1 30 q2 28
 time 14122.60111415018
 nb boxes 8218770
 depth 61
 valid point (0.01996644442083094 ; -0.2651650429449552 ; 0.03314563036811948 ; -0.09161346119676319 ; 0.00077612877448211 ; -0.7000558691248701 ; -0.03588950220266701 ; 0.6541933324922922 ; 0.0200424468334046 ; 1e-20)
 best sol point (0.01996644442083094 ; -0.2651650429449552 ; 0.03314563036811948 ; -0.09161346119676319 ; 0.00077612877448211 ; -0.7000558691248701 ; -0.03588950220266701 ; 0.6541933324922922 ; 0.0200424468334046 ; 1e-20)
 qmax epsboxes 34
solution([0.009607531873380599, 0.01058015810291722] ; [-0.2776001739223124, -0.2759360971265218] ; [0.01104854345603986, 0.01657281518405977] ; [-0.07559066307007873, -0.06828856062975624] ; [5.551115123125782e-17, 0.005172218749115022] ; [-0.7032982123721024, -0.7025577872911263] ; [-0.01893832800168673, -0.01665734590345336] ; [0.6497035034971361, 0.650976334832052] ; [0.007443635443714418, 0.009399044630997464] ; [0, 1e-20]) psize 32 q1 32 q2 29
 time 14457.96531922571
 nb boxes 8397042
 depth 66
 valid point (0.01017974597011684 ; -0.2776001739223123 ; 0.01657281518405977 ; -0.07070067680837516 ; 5.551115123125783e-17 ; -0.7032982123721023 ; -0.01893832800168672 ; 0.6499775348935868 ; 0.009399044630997464 ; 1e-20)
 best sol point (0.01017974597011684 ; -0.2776001739223123 ; 0.01657281518405977 ; -0.07070067680837516 ; 5.551115123125783e-17 ; -0.7032982123721023 ; -0.01893832800168672 ; 0.6499775348935868 ; 0.009399044630997464 ; 1e-20)
 qmax epsboxes 34
solution([0.009325680352905731, 0.01003656184138492] ; [-0.2639562736586415, -0.2629258155947143] ; [0.01675274634647729, 0.01858806769756246] ; [-0.09204923934835824, -0.08972255800234209] ; [-0.00182395308570248, -0.0009981774936406665] ; [-0.7008721986807589, -0.7005700195765866] ; [-0.01868726125111089, -0.01700544181194371] ; [0.6555592276142163, 0.6562252124286801] ; [0.008959702820017611, 0.009735282263486745] ; [0, 1e-20]) psize 32 q1 32 q2 30
 time 18317.71327574772
 nb boxes 10806210
 depth 68
 valid point (0.01003656184138492 ; -0.2629258155947143 ; 0.0175140108238473 ; -0.09095671880973957 ; -0.0009981774936406665 ; -0.7008721986807588 ; -0.01848618709172489 ; 0.6560870064806681 ; 0.008959702820017612 ; 0)
 best sol point (0.01003656184138492 ; -0.2629258155947143 ; 0.0175140108238473 ; -0.09095671880973957 ; -0.0009981774936406665 ; -0.7008721986807588 ; -0.01848618709172489 ; 0.6560870064806681 ; 0.008959702820017612 ; 0)
 qmax epsboxes 34
Number of branches : 34322026
time used : 54424.55427950214
 remaining small boxes  702807 max possible inliers in small boxes 34
 best sol point 0.01003656184138492 -0.629258155947143 0.0175140108238473 -0.09095671880973957 -0.0009981774936406665 -0.7008721986807588 -0.01848618709172489 0.6560870064806681 0.008959702820017612 0 
 nobs 36
 nobs 36
 nb inliers 30
essential (([-9.578493239727988e-06, 0.0001904215067602842] ; [-0.0001300578851893386, 6.994211481099458e-05] ; [-0.0001499593276011356, 5.004067239888578e-05])
([-8.213312134503478e-05, 0.0001178668786550262] ; [-0.0001950995161601871, 4.900483839820772e-06] ; [-6.519217384352378e-06, 0.0001934807826161149])
([-5.355680387690811e-05, 0.0001464431961231098] ; [-9.691093619421026e-06, 0.0001903089063811758] ; [-1.785688979334825e-05, 0.0001821431102066659]))determinant [-0.0001512834053634582, 4.871659463654578e-05] time used 54424.55427950214  
 total branch number 34322026
