essential_test3.txt
 fin lecture 
 p 65
 avant lecture 
 apres lecture 
0.00106429
-0.638571
0.00106429
-0.424649
 apres contraintes 
 box ([0, 0.7071067811865476] ; [-0.7071067811865475, 0.7071067811865476] ; [-0.7071067811865475, 0.7071067811865476] ; [-0.7071067811865475, 0.7071067811865476] ; [-0.7071067811865475, 0.7071067811865476] ; [-0.7071067811865475, 0.7071067811865476] ; [-0.7071067811865475, 0.7071067811865476] ; [-0.7071067811865475, 0.7071067811865476] ; [-0.7071067811865475, 0.7071067811865476])
 Q 10
 nobs 65
 nobs 65
 solution ransac 0
 avant solver 
 nb inliers 65
 apres solver 
 oracle (0.0212236 ; -0.4939787999999999 ; 0.04200220000000001 ; 0.1820916 ; -0.0056804 ; -0.6818421 ; -0.0376943 ; 0.5039347 ; 0.0173491)
box init ([0, 0.7071067811865476] ; [-0.7071067811865475, 0.7071067811865476] ; [-0.7071067811865475, 0.7071067811865476] ; [-0.7071067811865475, 0.7071067811865476] ; [-0.7071067811865475, 0.7071067811865476] ; [-0.7071067811865475, 0.7071067811865476] ; [-0.7071067811865475, 0.7071067811865476] ; [-0.7071067811865475, 0.7071067811865476] ; [-0.7071067811865475, 0.7071067811865476])
essential (([-8.83893476483185, 9.192488155425125] ; [-9.192488155425123, 9.192488155425125] ; [-9.192488155425123, 9.192488155425125])
([-9.546041546018398, 9.546041546018398] ; [-9.546041546018398, 9.546041546018398] ; [-9.546041546018398, 9.546041546018398])
([-9.546041546018398, 9.546041546018398] ; [-9.546041546018398, 9.546041546018398] ; [-9.546041546018398, 9.546041546018398]))
 box apres essential  ([0, 0.7071067811865476] ; [-0.7071067811865475, 0.7071067811865476] ; [-0.7071067811865475, 0.7071067811865476] ; [-0.7071067811865475, 0.7071067811865476] ; [-0.7071067811865475, 0.7071067811865476] ; [-0.7071067811865475, 0.7071067811865476] ; [-0.7071067811865475, 0.7071067811865476] ; [-0.7071067811865475, 0.7071067811865476] ; [-0.7071067811865475, 0.7071067811865476])
 box apres ctcnorm  ([0, 0.7071067811865476] ; [-0.7071067811865475, 0.7071067811865476] ; [-0.7071067811865475, 0.7071067811865476] ; [-0.7071067811865475, 0.7071067811865476] ; [-0.7071067811865475, 0.7071067811865476] ; [-0.7071067811865475, 0.7071067811865476] ; [-0.7071067811865475, 0.7071067811865476] ; [-0.7071067811865475, 0.7071067811865476] ; [-0.7071067811865475, 0.7071067811865476])
essential apres contract (([-8.83893476483185, 9.192488155425125] ; [-9.192488155425123, 9.192488155425125] ; [-9.192488155425123, 9.192488155425125])
([-9.546041546018398, 9.546041546018398] ; [-9.546041546018398, 9.546041546018398] ; [-9.546041546018398, 9.546041546018398])
([-9.546041546018398, 9.546041546018398] ; [-9.546041546018398, 9.546041546018398] ; [-9.546041546018398, 9.546041546018398]))
determinant [-2.121420343559644, 2.121420343559644] point size 65
solution([0.01975548281262709, 0.02209708691207962] ; [-0.4974126188090722, -0.4911238494764267] ; [0.0370456377184421, 0.04419417382415928] ; [0.1767766952966369, 0.1878252387526768] ; [-0.008085105635402941, 5.551115123125783e-17] ; [-0.6838440242685281, -0.6798265745126227] ; [-0.03866612263425687, -0.03390114370213952] ; [0.5000490754661527, 0.5062045857913179] ; [0.01436145273097255, 0.02071639088127139]) psize 56 q1 56 q2 55
 time 0.1306780000000002
 nb boxes 108
 depth 55
 valid point (0.0197554828126271 ; -0.497412618809072 ; 0.03704563771844211 ; 0.186598470097559 ; -0.000601804677917299 ; -0.6806800191890798 ; -0.0357432036971455 ; 0.5008818302771368 ; 0.02071639088127139)
 best sol point (0.0197554828126271 ; -0.497412618809072 ; 0.03704563771844211 ; 0.186598470097559 ; -0.000601804677917299 ; -0.6806800191890798 ; -0.0357432036971455 ; 0.5008818302771368 ; 0.02071639088127139)
solution([0.01975548281262709, 0.02209708691207962] ; [-0.4974126188090722, -0.4943702314233205] ; [0.0370456377184421, 0.04061990577130069] ; [0.1767766952966369, 0.1823009670246569] ; [-0.005769510660807453, 5.551115123125783e-17] ; [-0.6836437711928927, -0.6815621441934224] ; [-0.03866612263425687, -0.03628363316819819] ; [0.5003158626573318, 0.5040710221750341] ; [0.01760707221253051, 0.02071639088127139]) psize 56 q1 56 q2 56
 time 0.1437270000000003
 nb boxes 116
 depth 59
 valid point (0.02150796162460594 ; -0.4943702314233205 ; 0.03704563771844211 ; 0.176776695296637 ; -0.0004292413535787811 ; -0.6833328171531687 ; -0.03709645206429375 ; 0.5037089184412383 ; 0.02071639088127139)
 best sol point (0.02150796162460594 ; -0.4943702314233205 ; 0.03704563771844211 ; 0.176776695296637 ; -0.0004292413535787811 ; -0.6833328171531687 ; -0.03709645206429375 ; 0.5037089184412383 ; 0.02071639088127139)
solution([0.009585932522642231, 0.009909211868516635] ; [-0.5143606860205918, -0.5135523415131978] ; [0.006303139243700181, 0.006615008346239741] ; [0.1795388311606468, 0.1823009670246569] ; [-0.0009004156995026275, -0.0006652672657618094] ; [-0.6840274296936374, -0.6830727333793229] ; [-0.01131118948922473, -0.01104854345603975] ; [0.4848098833821735, 0.485988477023619] ; [0.0002551545414455156, 0.0005837479192384917]) psize 57 q1 57 q2 57
 time 1.564015000000024
 nb boxes 952
 depth 57
 valid point (0.009602304099147873 ; -0.5135523415131978 ; 0.006615008346239741 ; 0.1823009670246569 ; -0.0006652672657618094 ; -0.6831678474030558 ; -0.01104854345603975 ; 0.485945655357698 ; 0.0004789116876417049)
 best sol point (0.009602304099147873 ; -0.5135523415131978 ; 0.006615008346239741 ; 0.1823009670246569 ; -0.0006652672657618094 ; -0.6831678474030558 ; -0.01104854345603975 ; 0.485945655357698 ; 0.0004789116876417049)
solution([0.03805326517662115, 0.03866990209613933] ; [-0.6854950773941587, -0.6849141720066934] ; [0.1537947496072619, 0.1546796083845574] ; [0.5250890731158919, 0.5256343217035558] ; [-0.04857804091074154, -0.04794494357303799] ; [-0.4322084992509589, -0.4315606162586849] ; [-0.1489903798298537, -0.1484079621932499] ; [0.08562621178430854, 0.08700727971631353] ; [0.1018775615820603, 0.1026423344884303]) psize 58 q1 58 q2 58
 time 31.27154400001053
 nb boxes 23026
 depth 68
 valid point (0.03866990209613933 ; -0.6851663666799792 ; 0.1546796083845574 ; 0.5256343217035558 ; -0.04837476736822442 ; -0.431699230048593 ; -0.1489903798298536 ; 0.08562621178430855 ; 0.1024808996595261)
 best sol point (0.03866990209613933 ; -0.6851663666799792 ; 0.1546796083845574 ; 0.5256343217035558 ; -0.04837476736822442 ; -0.431699230048593 ; -0.1489903798298536 ; 0.08562621178430855 ; 0.1024808996595261)
solution([0.09593785116241047, 0.09647710141341707] ; [-0.6832027801013341, -0.6827606439838794] ; [0.1554213743789135, 0.1562123121906811] ; [0.5759492049387926, 0.5766988511344279] ; [-0.00232461636445467, -0.001575510131738643] ; [-0.3650014081009231, -0.364393987279474] ; [-0.158047156384097, -0.1570769363843597] ; [5.551115123125782e-17, 0.00220012019297448] ; [0.09886698275075332, 0.09972945945479942]) psize 59 q1 59 q2 59
 time 2174.247769044071
 nb boxes 1238500
 depth 68
 valid point (0.09647710141341707 ; -0.68304984922308 ; 0.1554213743789136 ; 0.5766988511344279 ; -0.001575510131738643 ; -0.3643977593469951 ; -0.1570769363843597 ; 5.551115123125783e-17 ; 0.09921276110627906)
 best sol point (0.09647710141341707 ; -0.68304984922308 ; 0.1554213743789136 ; 0.5766988511344279 ; -0.001575510131738643 ; -0.3643977593469951 ; -0.1570769363843597 ; 5.551115123125783e-17 ; 0.09921276110627906)
solution([0, 0.004050261105116187] ; [-0.6666626781713147, -0.663624361554793] ; [0.1325825214724777, 0.1381067932004977] ; [0.6441979981269814, 0.6459276499517998] ; [-0.09245504958796843, -0.08838834764831839] ; [-0.236332199129192, -0.2320194125768358] ; [-0.1465690506999004, -0.1420048806092555] ; [-0.1815530933255342, -0.1767766952966368] ; [0.08975483070730333, 0.09258232213695879]) psize 60 q1 60 q2 60
 time 2219.706424048639
 nb boxes 1282254
 depth 51
 valid point (0 ; -0.665285346083734 ; 0.1374631000061051 ; 0.6454537593585788 ; -0.09095611890006552 ; -0.2320194125768358 ; -0.1420048806092555 ; -0.1767766952966368 ; 0.09163846367862403)
 best sol point (0 ; -0.665285346083734 ; 0.1374631000061051 ; 0.6454537593585788 ; -0.09095611890006552 ; -0.2320194125768358 ; -0.1420048806092555 ; -0.1767766952966368 ; 0.09163846367862403)
Number of branches : 1614186
time used : 2555.783063081067
 remaining small boxes  115111 max possible inliers in small boxes 61
 best sol point 0 -0.665285346083734 0.1374631000061051 0.6454537593585788 -0.09095611890006552 -0.2320194125768358 -0.1420048806092555 -0.1767766952966368 0.09163846367862403 
 nobs 65
 nobs 65
 nb inliers 60
0  1  2  3  4  5  6  7  8  9  11  12  13  14  15  16  17  18  19  20  21  22  23  24  25  26  27  28  29  31  32  34  35  36  37  38  39  40  41  42  43  44  45  46  47  48  49  51  52  53  54  55  57  58  59  60  61  62  63  64  
essential (([-0.0001364056369933919, 6.359436300664981e-05] ; [-9.373358798700901e-05, 0.0001062664120136156] ; [-0.0001049741133540012, 9.502588664614459e-05])
([-9.079976894319697e-05, 0.0001092002310574658] ; [-6.504897835263721e-05, 0.0001349510216475086] ; [-9.753846948197245e-05, 0.0001024615305182774])
([-9.050803329975202e-05, 0.0001094919667004701] ; [-9.398677481621257e-05, 0.0001060132251840928] ; [-4.466360049359678e-05, 0.0001553363995065282]))determinant [-0.0001293949447751977, 7.060505522482669e-05] time used 2555.783063081067  
 total branch number 1614186
