 -2.745551 11.084909 1.089350 
 -2.925669 10.859942 0.488958 
 -2.618546 11.150935 1.085881 
 -2.670674 10.925918 0.492977 
 -3.109556 10.940886 1.092046 
 -3.273678 10.693901 0.494229 
 -2.538984 11.024217 3.422101 
 -2.707201 11.019370 2.209992 
 -2.596607 10.994083 1.806675 
 -2.683390 10.949933 3.018079 
 -2.581796 10.975650 2.614292 
 -2.674200 11.030372 2.209815 
 -2.561607 11.001083 1.806674 
 -2.643388 10.944940 3.017005 
 -2.661199 11.045376 2.209235 
 -2.632389 10.965938 3.017462 
 -2.700511 11.058664 0.382523 
 -3.158679 10.736898 0.494887 
 -2.565388 10.988943 3.016715 
 -2.569196 11.105390 2.207374 
 -2.528386 10.989949 3.015877 
 -3.025680 10.781891 0.496186 
 -3.486559 10.782872 1.093328 
 -3.179527 10.831591 0.392191 
 -3.647675 10.543915 0.491369 
 -2.533863 10.766773 3.338675 
 -2.932994 10.908171 3.428341 
 -2.808116 10.956756 2.152321 
 -3.192192 11.112409 2.204204 
 -2.630518 11.033490 1.746289 
 -2.968615 10.833048 1.811045 
 -2.762297 10.940359 2.954597 
 -3.056395 10.784908 3.020921 
 -2.632703 11.089072 2.551979 
 -2.952802 10.810621 2.617836 
 -2.500862 10.778775 3.338404 
 -2.887990 10.890189 3.425586 
 -2.774116 10.968758 2.152052 
 -3.205185 11.235441 2.199813 
 -2.597518 11.043492 1.746105 
 -2.954609 10.891074 1.807356 
 -2.729296 10.953362 2.954233 
 -3.029396 10.811907 3.021242 
 -2.922802 10.831623 2.617622 
 -2.855990 10.907189 3.425648 
 -2.737116 10.970757 2.152220 
 -3.033204 10.923355 2.211667 
 -2.908612 10.873060 1.809502 
 -2.701296 10.979362 2.954350 
 -2.992395 10.815911 3.020623 
 -2.889801 10.843626 2.617251 
 -3.344564 10.813851 1.096646 
 -3.047527 10.882591 0.392428 
 -3.514678 10.591901 0.493688 
 -2.791989 10.937192 3.425344 
 -2.674114 11.004766 2.151141 
 -2.939207 10.881341 2.213723 
 -2.848610 10.912071 1.807953 
 -2.630294 10.994369 2.953355 
 -2.929394 10.848915 3.020238 
 -2.820800 10.860630 2.616667 
 -2.751987 10.934204 3.423682 
 -2.641113 11.017768 2.150877 
 -2.939202 10.974364 2.210548 
 -2.815609 10.926074 1.807596 
 -2.597294 11.006372 2.952984 
 -2.894393 10.856918 3.019743 
 -2.785799 10.868633 2.616372 
 -2.722987 10.956202 3.424073 
 -2.612112 11.041775 2.149982 
 -2.888204 10.943354 2.211915 
 -2.783608 10.939076 1.807330 
 -2.857392 10.859924 3.019018 
 -2.760799 10.900635 2.616124 
 -3.240558 10.885879 1.092783 
 -3.406675 10.649914 0.492037 
 -2.670986 10.970209 3.423144 
 -2.838203 10.963358 2.211423 
 -2.728609 10.943073 1.807938 
 -2.818393 10.905921 3.019585 
 -2.702798 10.897639 2.615590 
 -2.645988 11.005200 3.424616 
 -2.808202 10.983363 2.210902 
 -2.693609 10.952073 1.807950 
 -2.779391 10.903927 3.018729 
 -2.673797 10.921642 2.615294 
 -2.605985 11.001211 3.422948 
 -2.772202 10.989364 2.210795 
 -2.660609 10.963075 1.807773 
 -2.747391 10.918929 3.018477 
 -2.645797 10.947644 2.615010 
 -3.332436 10.808435 1.009925 
 -3.860553 10.653901 1.088310 
 -3.541525 10.691602 0.389817 
 -3.996673 10.379923 0.489453 
 -2.886868 10.618748 3.341660 
 -3.283997 10.731158 3.429434 
 -2.696003 10.994271 2.075937 
 -2.557393 11.119060 1.661870 
 -3.055505 11.039548 1.737304 
 -3.352612 10.742061 1.808568 
 -2.673195 11.063826 2.885757 
 -3.116302 10.778336 2.957187 
 -3.422401 10.647881 3.024260 
 -3.005709 10.962044 2.555376 
 -3.285807 10.607598 2.620281 
 -2.609375 10.916431 3.687279 
 -2.852867 10.626753 3.340964 
 -3.243995 10.728169 3.427772 
 -2.660003 10.999272 2.075923 
 -3.296096 11.190849 2.138878 
 -4.124120 12.247739 2.158169 
 -2.958524 10.900463 1.749612 
 -3.324610 10.766068 1.807670 
 -2.648195 11.098825 2.886030 
 -3.103303 10.836329 2.958496 
 -3.385401 10.653884 3.023755 
 -2.960709 10.948045 2.555248 
 -4.756800 13.915630 2.625568 
 -2.573373 10.923437 3.686379 
 -2.822867 10.645753 3.341036 
 -3.221997 10.766159 3.429460 
 -2.631002 11.021278 2.075114 
 -3.209104 11.080812 2.144066 
 -4.131114 12.358767 2.154405 
 -2.914527 10.884448 1.751769 
 -2.613194 11.105828 2.885528 
 -3.054301 10.811339 2.956900 
 -3.354400 10.670886 3.023615 
 -2.925709 10.956047 2.554953 
 -2.539372 10.932442 3.685690 
 -3.214437 10.847430 1.010761 
 -3.740555 10.693890 1.090256 
 -3.418531 10.721574 0.394199 
 -3.879678 10.420901 0.492901 
 -2.725175 11.007056 1.513267 
 -2.773866 10.665756 3.340642 
 -3.164994 10.770171 3.427671 
 -2.577002 11.028278 2.075141 
 -3.113110 10.995782 2.148335 
 -3.319211 10.734321 2.215874 
 -2.875523 10.930467 1.749136 
 -3.797465 12.038734 1.712533 
 -3.005300 10.832343 2.956513 
 -3.306400 10.692889 3.023334 
 -2.877708 10.980051 2.554485 
 -3.204805 10.725605 2.619694 
 -2.737865 10.667763 3.339609 
 -3.128993 10.777177 3.426871 
 -3.323206 10.829344 2.212708 
 -2.837524 10.930462 1.749892 
 -3.759465 12.051734 1.712576 
 -2.981301 10.868340 2.956991 
 -3.280 10.722887 3.023674 
 -2.852707 11.012054 2.554137 
 -3.170805 10.738607 2.619531 
 -2.772497 11.826873 3.773165 
 -2.706864 10.683764 3.339562 
 -3.097993 10.794177 3.426931 
 -2.978121 10.859736 2.154919 
 -2.802524 10.938461 1.750097 
 -3.702470 12.019711 1.715945 
 -2.944300 10.871345 2.956365 
 -3.234398 10.705897 3.022227 
 -2.810707 11.055 2.553945 
 -3.137805 10.750609 2.619261 
 -2.732495 11.828884 3.771637 
 -3.078439 10.889423 1.012044 
 -3.607556 10.746885 1.091208 
 -3.292528 10.783587 0.392602 
 -3.745682 10.467881 0.496114 
 -2.589174 11.048061 1.512842 
 -2.644864 10.716766 3.339475 
 -3.048996 10.859163 3.429341 
 -2.918119 10.899744 2.153876 
 -2.738523 10.968468 1.749193 
 -2.874298 10.887352 2.955376 
 -3.172397 10.740899 3.022054 
 -2.742706 11.027061 2.553300 
 -3.074804 10.782613 2.618768 
 -2.661493 11.855889 3.771024 
 -2.616865 10.740763 3.339978 
 -3.014995 10.871166 3.428871 
 -2.886118 10.914747 2.153424 
 -3.919106 12.542802 2.150055 
 -2.708521 10.988476 1.748172 
 -2.846298 10.913352 2.955492 
 -3.137397 10.749903 3.021566 
 -2.721705 11.070065 2.552820 
 -3.803 10.792615 2.618486 
 -2.627494 11.876887 3.771315 
 -2.581863 10.745770 3.339063 
 -2.977994 10.876173 3.427959 
 -2.854117 10.929750 2.153072 
 -2.676520 11.004480 1.747626 
 -2.809297 10.915357 2.954860 
 -3.108397 10.772903 3.021663 
 -2.681704 11.066067 2.552552 
 -2.999803 10.786617 2.618206 
 -2.590493 11.885893 3.770530 
 -3.697442 10.625408 1.012957 
 -4.239548 10.489922 1.084349 
 -3.915520 10.531621 0.386190 
 -4.377658 10.232990 0.478603 
 -2.711038 11.043685 1.419932 
 -3.577054 11.617610 1.432418 
 -3.257874 10.469719 3.345112 
 -3.674006 10.594118 3.434638 
 -2.781912 11.688 2.014021 
 -3.155994 11.032312 2.069616 
 -2.616312 11.092434 1.606203 
 -2.940399 10.976034 1.665045 
 -3.971064 11.530996 2.117772 
 -4.439141 11.747642 2.170742 
 -3.370528 10.737446 1.751309 
 -3.737612 10.601062 1.807653 
 -2.713099 10.968261 2.820654 
 -3.059201 10.920795 2.889527 
 -2.909601 10.955538 2.481972 
 -3.508308 10.651306 2.961055 
 -3.798406 10.488859 3.026737 
 -3.381715 10.796020 2.558106 
 -3.698811 10.528580 2.622342 
 -2.714278 10.907876 3.621065 
 -2.986381 10.763403 3.690695 
 -2.876791 10.893100 3.290219 
 -3.223873 10.478724 3.344522 
 -3.632003 10.590130 3.432873 
 -2.738914 11.029682 2.015010 
 -3.091999 10.975289 2.072926 
 -2.894 10.947010 1.668523 
 -3.947062 11.570004 2.116670 
 -3.329530 10.732436 1.752736 
 -3.701612 10.608059 1.808153 
 -2.684099 10.990262 2.820545 
 -3.023201 10.926798 2.889121 
 -2.864601 10.939538 2.482030 
 -3.456306 10.625316 2.959457 
 -3.758405 10.486865 3.025883 
 -2.681277 10.920879 3.620701 
 -2.954381 10.779403 3.690650 
 -2.835789 10.886111 3.288632 
 -3.188872 10.483729 3.343707 
 -3.589000 10.585142 3.431003 
 -2.708912 11.049687 2.014289 
 -3.017007 10.888255 2.077751 
 -2.865401 10.980024 1.666482 
 -3.920060 11.602011 2.115825 
 -2.653099 11.008265 2.820312 
 -2.990200 10.940800 2.888863 
 -2.837601 10.965541 2.481645 
 -3.432306 10.656314 2.959801 
 -3.731405 10.511863 3.026191 
 -5.407804 14.127610 2.628736 
 -2.647276 10.931882 3.620225 
 -2.919380 10.787409 3.689855 
 -2.810790 10.918106 3.289484 
 -3.565443 10.679405 1.013714 
 -4.101553 10.536902 1.087568 
 -3.781524 10.580603 0.389217 
 -4.234669 10.267940 0.486349 
 -3.123871 10.510734 3.343085 
 -3.530001 10.625141 3.431459 
 -2.637912 11.063688 2.014188 
 -2.959004 10.934266 2.076246 
 -2.802399 11.012033 1.665390 
 -3.423123 10.725726 2.155562 
 -3.687213 10.598312 2.216518 
 -3.779374 11.995148 1.650865 
 -4.010513 11.481511 1.743672 
 -2.582097 11.022271 2.819410 
 -2.928199 10.977804 2.888504 
 -2.771599 10.993547 2.480930 
 -3.360305 10.670321 2.958901 
 -3.656403 10.522871 3.025075 
 -3.268712 10.894030 2.557031 
 -5.314803 14.156614 2.628268 
 -2.854379 10.816413 3.689446 
 -2.744789 10.946110 3.288970 
 -3.094871 10.530733 3.343362 
 -3.498000 10.640143 3.431207 
 -2.614909 11.102702 2.012384 
 -2.911007 10.912257 2.077669 
 -2.771398 11.031039 1.664563 
 -3.384123 10.725723 2.156020 
 -3.691209 10.687333 2.213611 
 -3.761368 12.053175 1.647082 
 -3.989510 11.526528 1.741306 
 -2.891199 10.981808 2.887985 
 -2.738599 11.006549 2.480666 
 -3.336305 10.703320 2.959258 
 -3.626403 10.539873 3.024934 
 -3.240712 10.917033 2.556727 
 -5.199803 14.029615 2.627783 
 -2.828381 10.846404 3.690886 
 -2.714789 10.965110 3.289042 
 -3.062871 10.542736 3.342990 
 -3.461999 10.649148 3.430520 
 -2.879006 10.927260 2.077317 
 -2.735398 11.038039 1.664663 
 -3.661386 11.923092 1.658954 
 -3.955509 11.543529 1.741170 
 -2.857198 10.993811 2.887616 
 -2.707598 11.025552 2.480240 
 -3.300305 10.711323 2.958865 
 -3.605404 10.577868 3.025720 
 -3.212711 10.945035 2.556457 
 -5.160803 14.057617 2.627629 
 -2.790378 10.846415 3.689242 
 -2.680788 10.976114 3.288566 
 -3.453442 10.732411 1.013136 
 -3.985555 10.583893 1.089155 
 -3.663529 10.620584 0.392259 
 -4.121673 10.315925 0.488838 
 -2.720276 10.945168 0.901743 
 -3.014870 10.563739 3.342602 
 -3.412999 10.670151 3.430134 
 -2.825006 10.934258 2.077543 
 -2.679399 11.041032 1.665666 
 -3.910507 11.584541 1.739612 
 -2.807197 11.012815 2.887117 
 -3.249304 10.727327 2.958348 
 -3.546402 10.579876 3.024620 
 -3.159711 10.957038 2.556115 
 -5.116802 14.131621 2.627391 
 -2.742378 10.868418 3.688960 
 -2.633788 11.002114 3.288610 
 -2.982869 10.577742 3.342343 
 -3.386000 10.697146 3.430955 
 -2.791006 10.945261 2.077267 
 -2.651397 11.064042 1.664362 
 -4.074999 12.557292 2.077122 
 -3.886504 11.622554 1.737803 
 -2.777197 11.033816 2.887003 
 -2.620597 11.045558 2.479502 
 -3.218303 10.744328 2.958208 
 -3.518403 10.601876 3.024810 
 -3.121710 10.960039 2.555991 
 -5.047802 14.095623 2.627051 
 -2.715379 10.896410 3.690188 
 -2.600787 11.017117 3.288359 
 -2.948869 10.587745 3.341860 
 -3.344997 10.692158 3.429182 
 -2.761005 10.966265 2.076653 
 -2.615398 11.070 1.664655 
 -4.030000 12.557289 2.077588 
 -3.930484 11.807646 1.724683 
 -2.744196 11.046818 2.886739 
 -2.582597 11.047560 2.479272 
 -3.190303 10.767328 2.958304 
 -3.489403 10.624876 3.024907 
 -3.085710 10.967042 2.555692 
 -3.377808 10.637594 2.620847 
 -2.674376 10.890425 3.688008 
 -2.570787 11.037117 3.288438 
 -4.065435 10.487442 1.007187 
 -4.606540 10.333962 1.077660 
 -4.265517 10.361638 0.382832 
 -4.737644 10.076058 0.467718 
 -3.082 10.920676 1.420558 
 -3.334275 10.729170 0.900286 
 -2.595808 10.965162 1.943485 
 -3.616881 10.328690 3.348735 
 -4.036011 10.437092 3.437649 
 -3.864941 11.607558 2.034541 
 -3.306402 10.835018 1.666558 
 -4.402060 11.439011 2.114819 
 -5.997015 13.630217 2.090411 
 -3.740527 10.604451 1.749870 
 -4.106609 10.460074 1.805161 
 -2.592993 10.978747 2.748500 
 -3.072105 10.814235 2.823690 
 -3.420206 10.763772 2.892140 
 -2.883518 10.733919 2.424618 
 -3.875313 10.507284 2.963547 
 -4.161410 10.335840 3.028774 
 -3.740718 10.634003 2.559788 
 -4.063813 10.383569 2.623229 
 -2.422137 10.649518 3.524855 
 -3.081285 10.774839 3.625731 
 -3.346388 10.616373 3.694376 
 -2.907688 10.809570 3.220110 
 -3.232796 10.731079 3.292505 
 -2.565807 10.985168 1.942664 
 -3.578879 10.331697 3.347711 
 -4.001011 10.449096 3.437181 
 -3.178903 11.062728 2.007885 
 -3.845938 11.658572 2.032612 
 -4.367060 11.457013 2.114691 
 -5.940017 13.626210 2.091468 
 -3.690531 10.585431 1.752716 
 -4.057613 10.444056 1.807726 
 -2.567993 11.011748 2.748459 
 -3.383206 10.769775 2.891735 
 -2.852517 10.750922 2.424278 
 -3.821311 10.481294 2.961951 
 -4.126410 10.345842 3.028493 
 -4.039813 10.414570 2.623273 
 -2.391137 10.665519 3.524808 
 -3.042283 10.774851 3.624088 
 -3.317388 10.636371 3.694753 
 -2.873688 10.820572 3.219734 
 -3.203796 10.753078 3.292796 
 -2.526808 10.980163 1.943388 
 -3.544878 10.342701 3.347235 
 -3.962009 10.451104 3.435952 
 -3.093914 10.955682 2.014490 
 -3.397008 10.781251 2.077672 
 -3.764241 12.755 1.560792 
 -4.453043 11.705088 2.104233 
 -4.129213 10.442315 2.215218 
 -3.673527 10.629449 1.750237 
 -4.065604 10.533097 1.802013 
 -2.539992 11.039750 2.748288 
 -3.006104 10.840240 2.823162 
 -3.352205 10.786777 2.891595 
 -2.825516 10.778926 2.423706 
 -3.234604 10.897524 2.483603 
 -3.790311 10.499295 2.961918 
 -4.088409 10.351846 3.027889 
 -5.487676 14.313196 2.542165 
 -5.846808 13.830593 2.629992 
 -2.351134 10.656534 3.522607 
 -3.008282 10.784856 3.623405 
 -3.277385 10.635384 3.692805 
 -2.839687 10.830577 3.219151 
 -3.171795 10.768080 3.292544 
 -3.947438 10.530428 1.009550 
 -4.483545 10.374938 1.081517 
 -4.151520 10.410622 0.385429 
 -4.620650 10.122028 0.472399 
 -4.015997 11.875870 1.394208 
 -2.767107 11.114938 0.787813 
 -3.221274 10.778175 0.899882 
 -3.499878 10.368701 3.347276 
 -3.917009 10.480104 3.436114 
 -3.026917 10.933668 2.016541 
 -3.345008 10.796251 2.077750 
 -2.877311 11.027434 1.605682 
 -3.731234 12.112788 1.556125 
 -3.805124 10.575718 2.155891 
 -4.091211 10.486320 2.214570 
 -4.015425 11.445917 1.683224 
 -2.951103 10.846245 2.822483 
 -3.301205 10.803781 2.891084 
 -2.778515 10.802930 2.423237 
 -3.191603 10.932529 2.483102 
 -3.740310 10.518298 2.961519 
 -4.408 10.373848 3.027708 
 -5.361677 14.222193 2.542438 
 -5.805808 13.906595 2.629964 
 -2.958281 10.801861 3.622693 
 -3.229385 10.657387 3.692524 
 -2.790686 10.850580 3.218758 
 -3.120794 10.785085 3.291933 
 -3.466878 10.380704 3.346905 
 -3.886009 10.499104 3.436187 
 -2.976920 10.907654 2.018539 
 -2.824318 10.992405 1.609924 
 -3.633253 11.987703 1.568428 
 -3.763125 10.570713 2.156719 
 -4.066210 10.515325 2.214002 
 -3.992421 11.485932 1.681027 
 -4.016597 10.632130 1.797451 
 -2.922103 10.869246 2.822381 
 -3.271204 10.825781 2.891076 
 -2.742515 10.805931 2.423110 
 -3.155603 10.940530 2.482909 
 -3.710310 10.538299 2.961498 
 -4.014409 10.400846 3.028127 
 -5.290677 14.187192 2.542507 
 -5.774807 13.950597 2.629906 
 -2.927281 10.819861 3.622760 
 -3.201386 10.682381 3.693433 
 -2.762686 10.874579 3.219061 
 -3.091795 10.807083 3.292224 
 -3.435877 10.395706 3.346752 
 -3.844006 10.496115 3.434529 
 -2.962915 10.966675 2.015657 
 -4.658766 13.887356 1.922906 
 -2.805312 11.041431 1.606282 
 -3.589255 11.984694 1.569773 
 -3.748123 10.620725 2.155078 
 -4.058208 10.575338 2.212317 
 -3.963419 11.513940 1.679958 
 -3.971599 10.624118 1.799263 
 -2.888102 10.878249 2.821991 
 -3.234204 10.828785 2.890551 
 -2.713514 10.828935 2.422607 
 -4.013558 13.027734 2.458985 
 -3.676309 10.548301 2.961215 
 -3.977 10.394854 3.027052 
 -5.253676 14.220195 2.542284 
 -5.731807 13.971598 2.629810 
 -2.893280 10.830865 3.622284 
 -3.161382 10.678396 3.691265 
 -2.725685 10.878585 3.218242 
 -3.056794 10.816088 3.291636 
 -3.817438 10.588425 1.010231 
 -4.349549 10.429921 1.084184 
 -4.022522 10.470612 0.387222 
 -4.479661 10.162979 0.479982 
 -2.812046 10.963648 1.425045 
 -3.352176 10.806054 1.512492 
 -3.077281 10.800145 0.904542 
 -3.374877 10.429707 3.346670 
 -3.784006 10.534116 3.434673 
 -2.894915 10.986677 2.015492 
 -2.738311 11.065435 1.605742 
 -4.071068 11.428976 2.120238 
 -5.689013 13.807228 2.089655 
 -3.902417 11.564954 1.678191 
 -3.898601 10.639110 1.800472 
 -2.830101 10.924252 2.821786 
 -3.178203 10.879786 2.890676 
 -2.651513 10.861942 2.421820 
 -3.053602 10.975536 2.482194 
 -3.613309 10.582304 2.961037 
 -3.909407 10.430854 3.027084 
 -5.190675 14.311202 2.541589 
 -5.641806 14.006601 2.629578 
 -2.829279 10.861867 3.622087 
 -3.102383 10.720391 3.692135 
 -2.662684 10.909588 3.217943 
 -2.996794 10.856087 3.291893 
 -3.334875 10.426717 3.345209 
 -3.746005 10.540122 3.433769 
 -2.856915 10.988674 2.015861 
 -3.226998 10.971298 2.071501 
