 219.490  269.000  221.230  269.550
 219.490  269.000  221.230  269.550
 275.330  381.690  289.530  392.310
 227.060  148.520  230.000  142.120
  68.730  404.080   67.240  410.490
  54.030  332.330   47.020  341.640
 382.570  333.450  390.650  334.710
 154.240  379.260  155.530  388.480
 124.450  182.610  120.890  178.820
 124.450  182.610  120.890  178.820
 117.160  351.250  116.130  355.920
 409.280  272.220  425.300  274.770
 391.340  160.620  404.960  155.500
 383.810  128.140  396.250  120.700
 279.930  125.890  285.480  118.460
 256.630  304.840  259.170  306.840
 201.100   83.450  202.110   73.930
 195.920  354.290  197.920  360.860
 137.360  114.270  134.950  108.980
 116.420  309.690  113.890  311.940
 460.120   55.580  480.480   41.690
 453.660   89.030  473.250   78.070
 431.390   66.780  449.940   53.620
 312.610  311.120  319.140  314.100
 242.320   84.430  246.070   74.400
 232.600  331.230  235.980  334.760
 158.680  172.810  157.820  169.090
  22.710  426.630   19.530  437.040
 415.570  220.160  431.720  218.030
 415.790  184.580  431.290  180.250
 261.970  257.930  264.020  258.590
 248.390  114.390  251.910  106.190
 192.930  297.860  194.120  299.550
 140.010  324.610  139.500  328.160
 114.470  131.730  110.970  126.120
 102.270  173.450  101.720  169.750
  50.630  162.400   42.360  157.410
  29.150  380.650   99.540  336.020
 426.270  237.610  444.220  236.430
 219.210  420.500  222.770  435.760
 219.210  420.500  222.770  435.760
 192.930  421.020  197.980  436.190
 192.930  421.020  197.980  436.190
 158.170  338.090  158.890  342.300
 151.480  210.880  150.840  210.350
 131.250  308.270  130.890  310.530
 105.900  282.430  104.150  285.690
 105.900  282.430  104.150  285.690
  80.990  184.090   76.520  181.660
 442.970  107.620  461.980   97.140
 429.160  301.070  447.220  304.540
 394.300  301.250  406.480  303.730
 394.300  301.250  406.480  303.730
 394.720  241.060  407.370  240.310
 385.010  462.810  412.330  487.510
 385.010  462.810  412.330  487.510
 386.940   50.550  398.570   38.460
 215.850   72.600  217.610   62.290
 112.890  369.540  110.180  377.370
  98.050  152.370   92.860  146.730
  98.050  152.370   92.860  146.730
  93.980  393.620   89.100  405.010
  94.520  341.040   91.630  346.050
  74.640  415.890   66.600  431.340
  12.910  117.940  110.330  335.040
 407.820  126.430  420.800  119.140
 380.030  241.580  391.580  241.190
 352.280  293.890  361.380  295.920
 339.620  298.160  347.490  300.200
 301.750  449.990  316.480  470.240
 240.060  241.850  242.050  242.410
 235.880  139.840  240.030  133.520
 227.930   80.390  230.510   70.460
 226.190  292.270  228.110  293.820
 212.860  308.700  214.330  310.500
 205.620  327.740  207.480  331.010
 197.120  208.920  198.490  208.430
 182.400   93.690  182.220   85.000
 182.400   93.690  182.220   85.000
 168.820  328.940  170.120  332.160
 167.230  209.200  167.410  208.550
 167.230  209.200  167.410  208.550
 146.280  163.910  143.170  158.780
 146.280  163.910  143.170  158.780
 134.620  135.770  132.000  127.940
 124.900  353.870  123.370  359.630
 119.640  151.860  115.880  146.130
 119.640  151.860  115.880  146.130
 103.840  379.650  100.320  388.490
  84.920  327.780   82.130  331.970
 368.650  241.550  379.300  241.020
 349.220  244.710  357.420  244.520
 344.330  466.880  365.080  491.860
 332.540  290.040  339.880  291.840
 332.540  248.070  339.540  248.150
 328.210  281.590  335.540  283.070
 323.030  249.300  328.740  249.540
 322.920  289.850  328.930  291.460
 320.760  467.250  339.180  492.110
 315.380  163.840  319.950  158.880
 312.310  258.080  317.730  258.800
 301.000  207.450  305.450  206.270
 249.690   96.530  253.680   87.370
 249.690   96.530  253.680   87.370
 249.420   71.490  253.560   60.820
 230.480  309.430  232.580  311.380
 212.860  309.140  214.490  310.910
 209.570  247.290  210.800  248.150
 204.950  255.580  206.410  256.100
 195.640  179.680  196.440  177.820
 195.640  179.680  196.440  177.820
 172.220  222.400  172.520  222.610
 167.230  208.040  167.410  208.550
 155.410  232.600  155.440  233.130
 145.130  163.110  143.170  158.780
 145.130  163.110  143.170  158.780
 143.330  236.670  143.220  237.260
 143.020  217.690  142.100  218.290
 139.960  171.020  137.800  168.240
 127.260  328.510  126.460  332.290
 127.030  294.080  126.650  296.310
 102.340  331.830   99.540  336.020
  42.850  157.680   33.840  152.700
  31.180  125.060   18.700  115.760
 477.650   50.460  342.570  297.480
 450.000  400.140  472.200  411.110
 439.010  300.200  458.690  303.290
 400.680  311.210  415.060  315.350
 391.860  372.970  405.250  379.700
 362.710  359.820  372.990  365.080
 358.670  256.000  368.080  256.370
 351.450  256.470  360.090  256.800
 341.210  289.400  349.180  291.190
 341.210  289.400  349.180  291.190
 341.260  248.410  348.900  248.530
 341.260  248.410  348.900  248.530
 324.900  256.010  331.160  256.310
 308.960  251.310  314.520  251.510
 308.960  251.310  314.520  251.510
 250.550  251.750  252.850  252.270
 229.470  219.700  230.690  219.840
 223.140  267.060  224.970  268.170
 214.500  366.980  217.430  373.690
 203.050  286.260  204.380  287.830
 203.070  179.040  204.020  177.440
 202.330  223.140  203.540  223.240
 189.700  367.340  191.490  374.310
 186.200  296.000  187.440  297.820
 176.920  367.740  178.210  374.830
 166.340  199.880  166.300  198.980
 166.340  199.880  166.300  198.980
 159.930  218.190  160.090  218.500
 154.730  190.020  154.140  188.600
 146.040  326.670  146.300  329.700
 140.520  332.740  140.110  336.680
 139.870  306.800  139.690  309.160
 135.470  299.590  135.430  301.560
 135.470  299.590  135.430  301.560
 127.370  207.300  126.380  206.720
 119.830  205.510  117.880  205.250
 118.140  306.900  117.210  309.750
 118.140  306.900  117.210  309.750
  96.830  396.350   92.250  407.650
  54.350  140.250   45.890  133.500
  25.750  391.580   12.020  405.450
  18.130  388.900   94.920  339.720
 465.920  404.780  490.730  416.500
 466.170   95.920  488.150   83.440
 461.690  399.510  485.660  410.830
 427.140  284.680  444.940  286.750
 424.830  293.850  442.400  296.260
 401.030  377.570  415.980  385.070
 394.550  293.300  407.940  295.730
 393.320  252.150  406.390  252.070
 373.920  163.880  384.610  158.970
 369.040  362.680  380.010  368.340
 351.250  285.850  360.300  287.630
 336.810  345.900  343.890  349.570
 318.300  336.990  324.390  340.300
 318.300  336.990  324.390  340.300
 315.280  162.670  319.870  157.720
 286.130  229.750  290.000  229.590
 278.500  285.680  281.830  287.030
 278.500  285.680  281.830  287.030
 277.920  257.630  281.260  258.190
 277.920  257.630  281.260  258.190
 259.180  270.470  261.640  271.460
 250.090  234.840  252.510  235.040
 250.090  234.840  252.510  235.040
 238.150  268.890  240.170  269.870
 226.120   83.630  228.720   74.210
 221.780   68.960  224.180   58.090
 212.790  229.160  213.830  229.490
 208.670  353.520  211.200  358.850
 207.230  229.270  208.380  229.580
 204.800  343.350  206.770  347.630
 204.800  343.350  206.770  347.630
 195.270  214.710  196.180  214.730
 183.280   25.980  182.600   13.120
 150.680  195.920  150.870  195.350
 135.860  226.160  135.200  226.210
 135.860  226.160  135.200  226.210
 134.690  342.180  133.680  346.910
 106.560  361.280  103.400  368.580
 106.560  361.280  103.400  368.580
  91.300  181.520   87.160  178.710
  77.710  169.690   72.370  165.850
  76.320  221.280   71.760  220.520
  56.240  379.160   49.240  388.590
 459.080  404.000  482.670  415.510
 427.390  285.080  444.940  286.750
 426.630  191.930  420.190  179.600
 420.690  165.080  415.670  488.950
 415.520  197.280  431.070  193.520
 413.450  307.410  426.990  310.730
 406.840  230.850  421.930  229.490
 406.000  183.890  420.190  179.600
 396.670   46.810  408.830   34.630
 374.930  163.620  384.610  158.970
 372.660  300.990  383.770  303.490
 371.540  467.640  390.900  493.330
 366.660  357.060  377.080  362.010
 366.400  263.400  376.070  264.190
 340.510  343.260  348.770  347.630
 336.130  345.490  343.890  349.570
 336.130  345.490  343.890  349.570
 318.690  337.180  324.390  340.300
 318.690  337.180  324.390  340.300
 315.400  251.180  321.020  251.440
 299.060  328.040  303.820  330.740
 255.100  270.370  257.140  271.240
 232.770   88.930  235.710   79.360
 218.590  306.800  220.420  308.780
 204.620  415.150  208.190  429.230
 193.950  290.320  195.240  292.090
 189.960  195.390  190.500  194.250
 183.430   33.670  182.790   21.170
 179.330   74.860  179.080   64.960
 179.410   30.240  178.490   17.620
 163.080  333.610  163.810  337.350
 163.020  233.070  163.300  233.610
 159.710  309.180  160.480  311.320
 159.200  192.710  158.810  191.750
 159.200  192.710  158.810  191.750
 157.490  426.390  156.960  441.860
 151.320  196.390  150.870  195.350
 148.580  230.680  141.860  229.510
 141.930  209.340  141.290  208.850
 138.060  206.450  137.050  205.780
 138.060  206.450  137.050  205.780
 131.560  246.350  131.170  247.080
 120.710  381.960  118.370  390.670
 119.180  148.590  115.300  142.610
 117.160  157.430  113.450  152.000
 103.550  154.330   98.840  148.760
 101.760  202.700   99.290  202.140
  98.180  158.690   93.010  153.360
  74.390  450.720   64.350  473.390
  74.390  450.720   64.350  473.390
  65.320  374.620   58.500  384.180
  32.030  403.900   19.120  419.480
  23.830  132.320   11.890  124.140
  23.830  132.320   11.890  124.140
 463.170  408.560  487.180  420.640
 462.450  239.010  485.110  237.900
 448.340  396.170  470.120  406.610
 436.990  293.940  456.170  296.870
 436.990  241.280  456.100  239.820
 429.480  198.850  446.810  195.120
 427.970  276.630  382.650  286.540
 411.070  210.780  426.100  208.340
 407.180  189.860  421.710  186.140
 405.520  379.280  420.620  386.930
 404.690  234.460  390.900  493.330
 400.800  149.610  414.270  143.160
 375.700  298.610  387.420  301.440
 358.090  356.360  399.670  376.540
 353.490  287.910  362.630  289.630
 349.300  468.600  371.600  493.950
 347.040  239.280  326.180  244.960
 341.200  347.920  349.360  352.240
 341.200  347.920  349.360  352.240
 334.080   13.920  434.060  312.030
 332.720  242.710  339.880  242.550
 322.020  284.820  327.640  286.540
 318.340  460.590  336.220  483.700
 317.230  340.320  324.460  344.000
 310.680  470.050  328.100  495.880
 309.720  456.400  325.880  478.640
 296.650  447.650  311.380  468.160
 296.590  284.130  301.110  285.290
 289.600  273.530  293.580  274.620
 289.360  268.560  293.310  269.380
 275.500  237.670  278.370  237.840
 254.640  204.850  257.470  203.660
 235.700  314.430  238.410  316.480
 233.300  220.600  234.600  220.770
 228.740   98.350  231.550   89.430
 225.840   92.130  228.350   82.750
 215.910  267.760  217.490  268.890
 209.840  333.460  212.060  337.030
 209.520  322.940  211.740  326.110
 209.520  322.940  211.740  326.110
 209.210  328.090  211.390  331.430
 198.000  288.210  199.270  289.630
 198.200  281.240  199.390  282.730
 194.780  220.130  195.630  220.180
 194.780  220.130  195.630  220.180
 185.360  229.080  185.910  229.660
 185.050  290.090  186.060  291.430
 185.140   81.270  184.870   72.040
 179.700   67.430  179.170   56.870
 178.430   26.310  177.800   13.640
 175.850  264.900  176.640  266.070
 175.850  264.900  176.640  266.070
 175.340  227.990  175.820  228.410
 172.910  220.300  173.600  220.490
 171.210  228.050  172.030  228.580
 166.750  229.260  167.040  229.770
 166.270  223.110  166.490  223.380
 163.020  193.040  162.650  191.910
 162.150  416.110  162.170  430.160
 160.540  213.660  160.330  213.420
 157.280  196.990  156.780  195.920
 157.280  196.990  156.780  195.920
 157.240  180.370  156.670  178.680
 151.890  283.500  152.320  285.280
 142.080  229.130  141.860  229.510
 142.080  229.130  141.860  229.510
 141.440  374.030  140.920  381.980
 141.440  374.030  140.920  381.980
 136.150  364.480  135.300  370.970
 136.170  328.200  135.960  331.400
 136.170  328.200  135.960  331.400
 127.950  373.290  126.160  381.390
 127.160  200.080  125.580  198.920
 123.770  221.380  122.680  221.050
 123.820  216.370  122.730  216.040
 123.660  376.620  121.590  384.710
 123.660  376.620  121.590  384.710
 120.660  381.740  118.370  390.670
 120.360  200.310  118.940  199.120
 111.660  203.060  109.550  202.030
 111.660  203.060  109.550  202.030
 106.190  201.730  104.030  200.680
 104.420  148.110   99.600  142.080
 103.490  234.420  101.510  234.600
  93.800  195.040   90.340  193.730
  89.460  384.840   84.110  395.210
  83.840  436.060   75.840  455.050
  78.440  221.640   73.860  220.820
  78.440  221.640   73.860  220.820
  60.240  156.190   52.970  151.010
  55.600  146.360   47.190  140.090
  55.600  146.360   47.190  140.090
  50.200  145.720   41.220  139.290
  43.400  408.570   32.780  423.190
  41.720  400.380   32.740  412.450
  28.590  120.280   15.760  110.170
  26.920  126.210   14.210  116.720
  24.250  128.100   12.100  119.400
  22.820  195.270   10.960  192.200
   7.190  104.980   29.800  128.190
 478.770   80.790  502.970   66.190
 478.770   80.790  502.970   66.190
 475.560   76.380  498.920   61.890
 467.370  239.530  500.380  236.790
 465.600  397.700  490.050  408.480
 463.260  421.760  222.770  435.760
 460.660  244.820  482.720  243.890
 452.850  240.030  474.140  238.910
 450.090  245.740  471.150  244.960
 449.490  240.560  470.280  239.490
 444.550  422.520  469.440  437.040
 444.550  422.520  469.440  437.040
 440.650   99.730  458.840   88.200
 431.890  389.720  450.780  398.870
 423.480  309.000  440.720  312.570
 417.340  308.480  434.060  312.030
 411.440  385.170  427.740  393.400
 404.100  231.920  421.930  229.490
 403.450  186.510  458.840   88.200
 401.750   97.760  414.710   88.780
 400.620   49.510  413.070   37.310
 400.620   49.510  413.070   37.310
 395.880  243.960  408.810  243.580
 392.480  308.190  405.750  311.290
 391.720  144.600  362.490  137.130
 389.640  376.650  403.550  383.960
 387.830  144.630  400.080  138.090
 386.350  370.130  399.670  376.540
 384.910  251.430  456.100  239.820
 384.900  246.320  396.990  245.830
 380.740  162.940  391.400  157.950
 368.490  235.880  379.200  234.850
 367.390  468.300  390.900  493.330
 367.570  270.000  382.650  286.540
 367.120  238.620  447.690  228.920
 364.960  370.550  376.970  377.380
 361.700  248.930  371.060  248.790
 353.960  257.580  362.970  258.060
 353.520  254.520  362.520  254.460
 349.030  287.450  357.560  289.360
 345.960  242.710  353.700  242.470
 344.970  445.540  367.050  464.610
 341.930   42.030  274.370   26.810
 341.290  445.570  359.150  464.930
 339.230  143.330  387.380  137.650
 339.380   41.760  274.370   26.810
 336.130  244.950  343.080  244.930
 336.130  244.950  343.080  244.930
 335.030  295.480  342.570  297.480
 333.910  284.550  340.880  286.070
 327.420  295.190  333.910  297.010
 321.120  254.430  326.980  255.030
 320.310  334.450  326.460  337.730
 315.040  162.040  319.690  156.980
 313.790  426.540  327.530  442.310
 309.400  246.630  314.490  247.100
 308.920  426.670  321.840  442.430
 304.990  205.160  309.480  203.910
 299.640  288.540  178.210  374.830
 296.910  287.300  301.410  289.060
 290.330  161.420  319.690  156.980
 283.250  284.130  286.790  286.740
 273.300   39.360  274.370   26.810
 271.260  208.640  293.710  156.800
 270.110  142.040  275.730  135.490
 264.390  315.820  267.200  317.880
 261.980  208.380  264.810  207.390
 261.620  235.030  264.360  235.020
 254.850  376.510  260.730  384.220
 251.200  375.180  256.950  383.020
 244.700  233.790  246.870  234.350
 243.320   93.930  246.980   85.160
 238.970   26.580  358.960  157.640
 230.950   95.020  233.740   85.770
 230.490   67.850  233.330   57.090
 229.860   85.800  232.670   76.240
 226.600  305.830  228.310  307.620
 221.420  287.940  223.110  289.210
 221.300  298.720  223.160  300.710
 219.360  247.220   21.680  431.590
 218.890  204.530  220.580  203.620
 215.100   12.560  428.610  228.650
 211.210  158.400  308.680  154.300
 210.240  260.660  211.600  261.620
 208.180  210.330  209.320  209.850
 202.490  279.810  203.940  281.100
 200.240  204.510  200.930  203.600
 199.400  230.430  200.360  230.700
 199.400  230.430  200.360  230.700
 199.040  216.000  199.790  215.800
 197.110  218.100  198.020  217.980
 193.070  157.580  194.220  153.270
 193.180  154.150  193.980  149.040
 189.830  291.010  191.050  292.790
 187.740  160.110  188.360  155.770
 184.560  158.220  184.830  153.240
 176.930  158.000  176.980  153.480
 175.880  254.530  176.590  255.520
 175.880  254.530  176.590  255.520
 172.630  289.930  173.690  291.260
 167.000  220.050  167.520  220.250
 163.170  328.020  163.680  331.630
 162.910  173.010  162.600  171.080
 160.850  376.950  161.060  385.330
 157.050  377.050  157.440  385.370
 154.910  284.210  155.200  285.850
 151.040  200.170  150.410  199.180
 148.870  284.130  149.330  285.900
 145.410  305.260  163.300  233.610
 144.220  379.850  143.410  388.420
 140.570  160.530  311.380  468.160
 139.590  377.150  138.420  385.430
 139.010  251.510  138.920  252.300
 135.740  377.510  134.500  385.830
 134.050  334.920  134.110  339.120
 133.080  359.730  132.030  365.940
 131.770  370.990  130.090  378.950
 131.670  316.540  130.230  319.680
 131.440  211.110  130.100  210.450
 130.270  368.410  128.690  376.010
 130.490  363.760  129.390  370.180
 129.740  213.460  129.020  213.170
 129.740  213.460  129.020  213.170
 129.280  337.460  128.640  341.890
 129.280  337.460  128.640  341.890
 128.840  203.220  127.430  202.190
 125.960  371.060  124.010  379.040
 124.890  151.720  121.410  145.990
 124.890  151.720  121.410  145.990
 122.230  203.490  120.480  202.390
 120.400  376.120  118.310  384.270
 116.530  196.890  114.220  195.630
 115.570  199.510  113.470  198.150
 111.390  335.020  110.100  339.110
 110.060  205.530  109.020  205.350
 108.940  359.760  105.940  366.790
 106.920  205.920  105.130  205.830
 105.480  339.540  103.110  344.200
 102.160  158.050   97.530  152.850
 100.180  410.360   97.910  419.470
  97.770  373.400   93.490  382.360
  97.770  373.400   93.490  382.360
  94.510  377.330   90.110  386.410
  94.510  377.330   90.110  386.410
  94.060  381.010   88.980  391.010
  89.550  152.050   83.470  146.240
  83.500  180.450   79.030  177.570
  83.130  172.360   85.920  176.070
  82.680  389.010   76.600  400.280
  82.680  389.010   76.600  400.280
  82.090  386.050   76.400  396.510
  77.850  218.270   73.280  217.180
  77.430  171.840   72.510  168.410
  75.250  399.510   67.770  412.710
  75.250  399.510   67.770  412.710
  72.620  402.800   64.860  416.430
  72.620  402.800   64.860  416.430
  72.120  218.270   67.400  217.380
  71.330  148.910   64.740  143.420
  71.050  170.940   65.320  167.320
  65.390  155.980   85.920  176.070
  64.150  410.620   54.840  426.080
  64.150  410.620   54.840  426.080
  63.770  166.140   57.430  162.130
  63.770  166.140   57.430  162.130
  63.450  403.030   56.000  415.410
  60.880  414.080   51.060  430.220
  60.880  414.080   51.060  430.220
  54.390  209.370   47.670  207.690
  54.330  158.870   46.720  153.930
  54.210  155.350   46.280  149.990
  53.520  413.340   44.420  427.940
  52.500  423.250   41.090  441.440
  51.590  404.630   41.880  418.630
  50.920  156.120   43.110  150.990
  50.680  152.250   42.270  146.430
  48.940  407.160   38.620  421.960
  48.630  149.150   39.910  143.030
  44.820  411.720   34.540  426.510
  44.820  411.720   34.540  426.510
  41.890  140.110   31.690  132.730
  40.240  135.900   29.800  128.190
  38.510  140.340   28.200  133.080
  36.200  133.990   25.710  126.280
  35.610  137.000   24.920  129.360
  26.920  398.080  195.630  220.180
  26.670  126.170   14.210  116.720
  20.480  122.340    7.260  112.670
  20.480  122.340    7.260  112.670
  11.160  505.120  197.100   73.050
   9.420  110.230   31.690  132.730
