essential_test3.txt
 fin lecture 
 p 65
 avant lecture 
 apres lecture 
 apres contraintes 
0.0121462  -0.149517  0.0272993  -0.138859  0.00147601  -0.69268  -0.0281015  0.690426  0.0136108  
0 0.707107
-0.707106 0.707107
-0.707106 0.707107
-0.707106 0.707107
-0.707106 0.707107
-0.707106 0.707107
-0.707106 0.707107
-0.707106 0.707107
-0.707106 0.707107
 box ([0, 0.7071067811865476] ; [-0.7071067811865475, 0.7071067811865476] ; [-0.7071067811865475, 0.7071067811865476] ; [-0.7071067811865475, 0.7071067811865476] ; [-0.7071067811865475, 0.7071067811865476] ; [-0.7071067811865475, 0.7071067811865476] ; [-0.7071067811865475, 0.7071067811865476] ; [-0.7071067811865475, 0.7071067811865476] ; [-0.7071067811865475, 0.7071067811865476])
 Q 10
 nobs 65
 nobs 65
 avant solver ([0, 0.7071067811865476] ; [-0.7071067811865475, 0.7071067811865476] ; [-0.7071067811865475, 0.7071067811865476] ; [-0.7071067811865475, 0.7071067811865476] ; [-0.7071067811865475, 0.7071067811865476] ; [-0.7071067811865475, 0.7071067811865476] ; [-0.7071067811865475, 0.7071067811865476] ; [-0.7071067811865475, 0.7071067811865476] ; [-0.7071067811865475, 0.7071067811865476])
 nb inliers 65
 apres solver 
box init ([0, 0.7071067811865476] ; [-0.7071067811865475, 0.7071067811865476] ; [-0.7071067811865475, 0.7071067811865476] ; [-0.7071067811865475, 0.7071067811865476] ; [-0.7071067811865475, 0.7071067811865476] ; [-0.7071067811865475, 0.7071067811865476] ; [-0.7071067811865475, 0.7071067811865476] ; [-0.7071067811865475, 0.7071067811865476] ; [-0.7071067811865475, 0.7071067811865476])
essential (([-8.83893476483185, 9.192488155425125] ; [-9.192488155425123, 9.192488155425125] ; [-9.192488155425123, 9.192488155425125])
([-9.546041546018398, 9.546041546018398] ; [-9.546041546018398, 9.546041546018398] ; [-9.546041546018398, 9.546041546018398])
([-9.546041546018398, 9.546041546018398] ; [-9.546041546018398, 9.546041546018398] ; [-9.546041546018398, 9.546041546018398]))
 box apres essential  ([0, 0.7071067811865476] ; [-0.7071067811865475, 0.7071067811865476] ; [-0.7071067811865475, 0.7071067811865476] ; [-0.7071067811865475, 0.7071067811865476] ; [-0.7071067811865475, 0.7071067811865476] ; [-0.7071067811865475, 0.7071067811865476] ; [-0.7071067811865475, 0.7071067811865476] ; [-0.7071067811865475, 0.7071067811865476] ; [-0.7071067811865475, 0.7071067811865476])
 box apres ctcnorm  ([0, 0.7071067811865476] ; [-0.7071067811865475, 0.7071067811865476] ; [-0.7071067811865475, 0.7071067811865476] ; [-0.7071067811865475, 0.7071067811865476] ; [-0.7071067811865475, 0.7071067811865476] ; [-0.7071067811865475, 0.7071067811865476] ; [-0.7071067811865475, 0.7071067811865476] ; [-0.7071067811865475, 0.7071067811865476] ; [-0.7071067811865475, 0.7071067811865476])
essential apres contract (([-8.83893476483185, 9.192488155425125] ; [-9.192488155425123, 9.192488155425125] ; [-9.192488155425123, 9.192488155425125])
([-9.546041546018398, 9.546041546018398] ; [-9.546041546018398, 9.546041546018398] ; [-9.546041546018398, 9.546041546018398])
([-9.546041546018398, 9.546041546018398] ; [-9.546041546018398, 9.546041546018398] ; [-9.546041546018398, 9.546041546018398]))
determinant [-2.121420343559644, 2.121420343559644] point size 65
solution([0.0110485434560398, 0.01530433880112154] ; [-0.1546796083845573, -0.1436310649285174] ; [0.02209708691207966, 0.03314563036811948] ; [-0.1433639980886633, -0.1325825214724776] ; [5.551115123125782e-17, 0.007433419612280761] ; [-0.6949247511587094, -0.6907264327925558] ; [-0.03314563036811937, -0.02209708691207955] ; [0.6881716048834924, 0.6927258223509781] ; [0.009363564459788465, 0.01681965733442194]) psize 54 q1 54 q2 1
 time 0.1183110000000003
 nb boxes 110
 depth 56
 valid point (0.01104854345603981 ; -0.1546796083845572 ; 0.02386108026363408 ; -0.1325825214724776 ; 0.005794359864671323 ; -0.6939886836288613 ; -0.02590377090041419 ; 0.6893138913358057 ; 0.01681965733442194)
 best sol point (0.01104854345603981 ; -0.1546796083845572 ; 0.02386108026363408 ; -0.1325825214724776 ; 0.005794359864671323 ; -0.6939886836288613 ; -0.02590377090041419 ; 0.6893138913358057 ; 0.01681965733442194)
solution([0.0110485434560398, 0.01379960312851869] ; [-0.1491553366565374, -0.1436310649285174] ; [0.02209708691207966, 0.02762135864009957] ; [-0.1433639980886633, -0.1325825214724776] ; [5.551115123125782e-17, 0.00651172789474183] ; [-0.6946684817220163, -0.6912164406785995] ; [-0.03314563036811937, -0.02762135864009945] ; [0.6896858953378146, 0.692239040915205] ; [0.01013544285668807, 0.01681965733442194]) psize 54 q1 54 q2 33
 time 0.1262270000000004
 nb boxes 116
 depth 59
 valid point (0.01356100375451647 ; -0.1465807457297045 ; 0.02762135864009957 ; -0.1433639980886632 ; 0.003394333681328045 ; -0.691718932971163 ; -0.03314563036811936 ; 0.6907771871083457 ; 0.01681965733442194)
 best sol point (0.01356100375451647 ; -0.1465807457297045 ; 0.02762135864009957 ; -0.1433639980886632 ; 0.003394333681328045 ; -0.691718932971163 ; -0.03314563036811936 ; 0.6907771871083457 ; 0.01681965733442194)
solution([0.0110485434560398, 0.01398806929248743] ; [-0.1491553366565374, -0.1436310649285174] ; [0.02209708691207966, 0.02762135864009957] ; [-0.1433639980886633, -0.1325825214724776] ; [0.002984960619151998, 0.008323265161232422] ; [-0.6946210210659449, -0.6911072592315463] ; [-0.03314563036811937, -0.02762135864009945] ; [0.6896172203317724, 0.6921811832087487] ; [0.01681965733442193, 0.02244851342028947]) psize 49 q1 49 q2 34
 time 0.1926040000000007
 nb boxes 162
 depth 60
 valid point (0.01314589891550913 ; -0.1436310649285174 ; 0.02762135864009957 ; -0.1396967475693273 ; 0.003651490647587395 ; -0.6924504387927634 ; -0.03314563036811936 ; 0.691388873690136 ; 0.01681965733442194)
 best sol point (0.01314589891550913 ; -0.1436310649285174 ; 0.02762135864009957 ; -0.1396967475693273 ; 0.003651490647587395 ; -0.6924504387927634 ; -0.03314563036811936 ; 0.691388873690136 ; 0.01681965733442194)
solution([0.01264931524674612, 0.01603968723317932] ; [-0.1491553366565374, -0.1436310649285174] ; [0.02762135864009956, 0.03314563036811948] ; [-0.1379732597805705, -0.1325825214724776] ; [0.00200565641857652, 0.006678552419059374] ; [-0.6943555736547857, -0.6919608017570654] ; [-0.03866990209613927, -0.03314563036811936] ; [0.6893330144998636, 0.6918867966437189] ; [0.01787127635693177, 0.02277765565323391]) psize 54 q1 54 q2 36
 time 0.6842870000000047
 nb boxes 482
 depth 61
 valid point (0.01396255668592418 ; -0.1491553366565373 ; 0.03111791585432194 ; -0.1338656181906654 ; 0.003965959818495001 ; -0.693433079380511 ; -0.03314563036811936 ; 0.6902174458141126 ; 0.01787127635693178)
 best sol point (0.01396255668592418 ; -0.1491553366565373 ; 0.03111791585432194 ; -0.1338656181906654 ; 0.003965959818495001 ; -0.693433079380511 ; -0.03314563036811936 ; 0.6902174458141126 ; 0.01787127635693178)
solution([0.01431544605352846, 0.01657281518405971] ; [-0.1767766952966369, -0.1712524235686169] ; [0.02762135864009956, 0.03314563036811948] ; [-0.1436310649285175, -0.1381067932004975] ; [5.551115123125782e-17, 0.004293797248721857] ; [-0.6931997592486793, -0.6909796707705715] ; [-0.03866990209613927, -0.03314563036811936] ; [0.6829354370901303, 0.6854933355408286] ; [0.01403861079559876, 0.01849931441116316]) psize 53 q1 53 q2 39
 time 5.282798000000323
 nb boxes 3474
 depth 60
 valid point (0.01510615586257809 ; -0.1762161579640879 ; 0.02762135864009957 ; -0.1381067932004975 ; 0.002485518774628741 ; -0.6927511432333421 ; -0.03389280611514336 ; 0.6837350382008721 ; 0.01724908676097916)
 best sol point (0.01510615586257809 ; -0.1762161579640879 ; 0.02762135864009957 ; -0.1381067932004975 ; 0.002485518774628741 ; -0.6927511432333421 ; -0.03389280611514336 ; 0.6837350382008721 ; 0.01724908676097916)
solution([0.01147492672239409, 0.0150968280683933] ; [-0.1767766952966369, -0.1712524235686169] ; [0.02209708691207966, 0.02762135864009957] ; [-0.1381067932004976, -0.1325825214724776] ; [5.551115123125782e-17, 0.005322454913010968] ; [-0.694527748133209, -0.6923852607305136] ; [-0.03314563036811937, -0.02762135864009945] ; [0.6832232114534043, 0.6858272102082413] ; [0.01118507762525204, 0.01671347045757838]) psize 54 q1 54 q2 40
 time 5.729407000000375
 nb boxes 3732
 depth 60
 valid point (0.01469847996057282 ; -0.176759954157492 ; 0.02762135864009957 ; -0.134052558706278 ; 0.002305096840818544 ; -0.6935548381572083 ; -0.03314563036811936 ; 0.6836470167253839 ; 0.01671347045757838)
 best sol point (0.01469847996057282 ; -0.176759954157492 ; 0.02762135864009957 ; -0.134052558706278 ; 0.002305096840818544 ; -0.6935548381572083 ; -0.03314563036811936 ; 0.6836470167253839 ; 0.01671347045757838)
solution([0.0165728151840597, 0.01924730030181068] ; [-0.1767766952966369, -0.1712524235686169] ; [0.02762135864009956, 0.03314563036811948] ; [-0.1381067932004976, -0.1325825214724776] ; [5.551115123125782e-17, 0.005021010406967926] ; [-0.694283002175829, -0.6920436184988528] ; [-0.04419417382415917, -0.03611397179203577] ; [0.6824655599494356, 0.6853161045859571] ; [0.0149972989821551, 0.02007331980871697]) psize 54 q1 54 q2 42
 time 9.298950000001036
 nb boxes 6322
 depth 59
 valid point (0.01657281518405971 ; -0.1712524235686169 ; 0.03314563036811948 ; -0.1325825214724776 ; 0.003746335329675083 ; -0.6935295839985518 ; -0.03708564800969778 ; 0.6847752961600065 ; 0.02007331980871697)
 best sol point (0.01657281518405971 ; -0.1712524235686169 ; 0.03314563036811948 ; -0.1325825214724776 ; 0.003746335329675083 ; -0.6935295839985518 ; -0.03708564800969778 ; 0.6847752961600065 ; 0.02007331980871697)
solution([0.005524271728019902, 0.008864241909090553] ; [-0.1767766952966369, -0.1712524235686169] ; [0.005524271728019958, 0.01104854345603987] ; [-0.1325825214724777, -0.1270582497444577] ; [5.551115123125782e-17, 0.005125566684865036] ; [-0.6959429870926726, -0.6940655782598723] ; [-0.02369921120033609, -0.01579947413355737] ; [0.6837670794806622, 0.6862439441727243] ; [0.004389150865261926, 0.009714003626323262]) psize 54 q1 54 q2 43
 time 62.27007300004674
 nb boxes 45990
 depth 61
 valid point (0.006324591063229361 ; -0.1712524235686169 ; 0.01104854345603987 ; -0.1270582497444577 ; 5.551115123125783e-17 ; -0.6954776119396726 ; -0.01579947413355737 ; 0.6858877694401913 ; 0.005846696843662613)
 best sol point (0.006324591063229361 ; -0.1712524235686169 ; 0.01104854345603987 ; -0.1270582497444577 ; 5.551115123125783e-17 ; -0.6954776119396726 ; -0.01579947413355737 ; 0.6858877694401913 ; 0.005846696843662613)
solution([0.02993490875643572, 0.03262903863744774] ; [-0.3400922677266761, -0.335168333468614] ; [0.04419417382415927, 0.04971844555217918] ; [-0.01657281518405966, -0.01104854345603975] ; [5.551115123125782e-17, 0.005843839789444365] ; [-0.7054353766330927, -0.7042533317646376] ; [-0.05892484595820669, -0.05380967599135089] ; [0.6161306158147483, 0.6187184335382292] ; [0.02487061364918677, 0.0314296048032849]) psize 53 q1 53 q2 44
 time 12879.72488148408
 nb boxes 10995290
 depth 52
 valid point (0.03111653459074023 ; -0.340092267726676 ; 0.04971844555217918 ; -0.01657281518405965 ; 0.002135846933887879 ; -0.7044786213575473 ; -0.05380967599135089 ; 0.616823792990197 ; 0.0314296048032849)
 best sol point (0.03111653459074023 ; -0.340092267726676 ; 0.04971844555217918 ; -0.01657281518405965 ; 0.002135846933887879 ; -0.7044786213575473 ; -0.05380967599135089 ; 0.616823792990197 ; 0.0314296048032849)
solution([0.03166382948650393, 0.033065475061441] ; [-0.3304856349147411, -0.3252040303783343] ; [0.04419417382415927, 0.04971844555217918] ; [-0.03649665875606681, -0.02879914368797444] ; [0.001617616376640814, 0.00604988631623358] ; [-0.7046776804042762, -0.7032350537009341] ; [-0.05524271728019898, -0.05261096207578854] ; [0.621482992343238, 0.6249916352641517] ; [0.03227890719139199, 0.03731048412148751]) psize 55 q1 55 q2 45
 time 13418.122583655
 nb boxes 11448214
 depth 56
 valid point (0.03166382948650394 ; -0.3261261982640181 ; 0.04971844555217918 ; -0.02879914368797444 ; 0.002938060576229892 ; -0.7039948874131405 ; -0.05524271728019897 ; 0.624149848229318 ; 0.032278907191392)
 best sol point (0.03166382948650394 ; -0.3261261982640181 ; 0.04971844555217918 ; -0.02879914368797444 ; 0.002938060576229892 ; -0.7039948874131405 ; -0.05524271728019897 ; 0.624149848229318 ; 0.032278907191392)
solution([0.02801021552867978, 0.03166382948650394] ; [-0.3214538919176473, -0.3161899610005117] ; [0.04971844555217917, 0.05524271728019909] ; [-0.04419417382415917, -0.03314563036811936] ; [5.551115123125782e-17, 0.00320019990311808] ; [-0.704283675814208, -0.7027142301690636] ; [-0.05648771523485777, -0.05034094452950846] ; [0.6274374886550635, 0.6301346226737771] ; [0.02777127978382379, 0.03130250584495447]) psize 54 q1 54 q2 46
 time 13422.92076865629
 nb boxes 11451978
 depth 55
 valid point (0.03023072775178198 ; -0.3202880483974057 ; 0.04971844555217918 ; -0.03314563036811936 ; 0.002400154706490806 ; -0.7038914313603363 ; -0.05328375645756083 ; 0.6274374886550636 ; 0.03130250584495447)
 best sol point (0.03023072775178198 ; -0.3202880483974057 ; 0.04971844555217918 ; -0.03314563036811936 ; 0.002400154706490806 ; -0.7038914313603363 ; -0.05328375645756083 ; 0.6274374886550636 ; 0.03130250584495447)
solution([0.0110485434560398, 0.01415296874598678] ; [-0.2895553095809307, -0.282921522514791] ; [0.02209708691207966, 0.02762135864009957] ; [-0.06629126073623879, -0.06076698900821887] ; [5.551115123125782e-17, 0.00612175772602336] ; [-0.7043170331516154, -0.7029761189296026] ; [-0.02364935346632232, -0.01787002955696486] ; [0.644209624377427, 0.6471430789481192] ; [0.01147454409056815, 0.01812510457759589]) psize 57 q1 57 q2 47
 time 13457.79916566579
 nb boxes 11479686
 depth 57
 valid point (0.0131199093768615 ; -0.2895553095809306 ; 0.02209708691207967 ; -0.06076698900821887 ; 5.551115123125783e-17 ; -0.7040372709335585 ; -0.02364935346632231 ; 0.6444633805670464 ; 0.01241452784281012)
 best sol point (0.0131199093768615 ; -0.2895553095809306 ; 0.02209708691207967 ; -0.06076698900821887 ; 5.551115123125783e-17 ; -0.7040372709335585 ; -0.02364935346632231 ; 0.6444633805670464 ; 0.01241452784281012)
solution([0.007824851492058, 0.01104854345603981] ; [-0.2851491242719314, -0.2775162383687899] ; [0.01657281518405976, 0.02209708691207967] ; [-0.07181553246425869, -0.06629126073623878] ; [5.551115123125782e-17, 0.004293800064319045] ; [-0.7040035306620504, -0.7027433216523207] ; [-0.02026412620958884, -0.01425049665759929] ; [0.6471430789481191, 0.6504639542565462] ; [0.008591866493879189, 0.01324253813373847]) psize 58 q1 58 q2 49
 time 13466.37299866815
 nb boxes 11486746
 depth 56
 valid point (0.01061233874741098 ; -0.2787542579522187 ; 0.01657281518405977 ; -0.06629126073623878 ; 5.551115123125783e-17 ; -0.7037392446709096 ; -0.02026412620958883 ; 0.6494147527819385 ; 0.009467510879289446)
 best sol point (0.01061233874741098 ; -0.2787542579522187 ; 0.01657281518405977 ; -0.06629126073623878 ; 5.551115123125783e-17 ; -0.7037392446709096 ; -0.02026412620958883 ; 0.6494147527819385 ; 0.009467510879289446)
solution([0.0110485434560398, 0.01593254696537377] ; [-0.2711189308946441, -0.2651650429449552] ; [0.01657281518405976, 0.02209708691207967] ; [-0.0773398041922786, -0.07181553246425868] ; [5.551115123125782e-17, 0.004144908731265105] ; [-0.703467557753443, -0.7021250415045194] ; [-0.03056828067864862, -0.0214851885208072] ; [0.6518559588963275, 0.6553735732575981] ; [0.009214317395950098, 0.013667495489584]) psize 57 q1 57 q2 50
 time 13469.35984766895
 nb boxes 11489114
 depth 56
 valid point (0.01295274319673718 ; -0.271118930894644 ; 0.02209708691207967 ; -0.07733980419227859 ; 5.551115123125783e-17 ; -0.7024030666517726 ; -0.02379126140543127 ; 0.6524720272911769 ; 0.01236502955268638)
 best sol point (0.01295274319673718 ; -0.271118930894644 ; 0.02209708691207967 ; -0.07733980419227859 ; 5.551115123125783e-17 ; -0.7024030666517726 ; -0.02379126140543127 ; 0.6524720272911769 ; 0.01236502955268638)
solution([0.008782935981904995, 0.01104854345603981] ; [-0.2488035104713314, -0.2440176034403894] ; [0.01657281518405976, 0.02209708691207967] ; [-0.09943689110435819, -0.09391261937633829] ; [5.551115123125782e-17, 0.003742018067837718] ; [-0.7008550921603584, -0.6993764133797009] ; [-0.02310831126598757, -0.017088013475947] ; [0.6611552165013532, 0.6629126073623884] ; [0.008684663245235368, 0.0126801432390983]) psize 56 q1 56 q2 51
 time 13559.69408869538
 nb boxes 11566718
 depth 56
 valid point (0.01026470026964489 ; -0.2449453650662946 ; 0.01657281518405977 ; -0.09391261937633829 ; 5.551115123125783e-17 ; -0.7005725437323075 ; -0.02042695172192881 ; 0.6629126073623884 ; 0.009398076523971294)
 best sol point (0.01026470026964489 ; -0.2449453650662946 ; 0.01657281518405977 ; -0.09391261937633829 ; 5.551115123125783e-17 ; -0.7005725437323075 ; -0.02042695172192881 ; 0.6629126073623884 ; 0.009398076523971294)
time limit 100000s. reached 
 max possible inliers in open nodes 65
Number of branches : 92554826
time used : 100000.0004163834
 remaining small boxes  8020763 max possible inliers in small boxes 65
 best sol point 0.01026470026964489 -0.2449453650662946 0.01657281518405977 -0.09391261937633829 5.551115123125783e-17 -0.7005725437323075 -0.02042695172192881 0.6629126073623884 0.009398076523971294 
 nobs 65
 nobs 65
 nb inliers 65
essential (([-0.0001269938232413739, 7.300617675863918e-05] ; [-9.906971797036804e-05, 0.0001009302820299651] ; [-0.00010531378113701, 9.468621886301261e-05])
([-0.0001003403851107065, 9.96596148893564e-05] ; [-0.0001257802831532418, 7.421971684676609e-05] ; [-0.000103229210076301, 9.677078992416608e-05])
([-0.0001062115518001099, 9.378844819990926e-05] ; [-0.0001031161234582273, 9.688387654236955e-05] ; [-7.473949940645462e-05, 0.0001252605005935609]))determinant [-8.61334704079354e-05, 0.0001138665295920686] time used 100000.0004163834  
 total branch number 92554826
