essential_test4.txt
 fin lecture 
 p 36
 avant lecture 
 apres lecture 
 apres contraintes 
0.0121462  -0.149517  0.0272993  -0.138859  0.00147601  -0.69268  -0.0281015  0.690426  0.0136108  
0 0.707107
-0.707106 0.707107
-0.707106 0.707107
-0.707106 0.707107
-0.707106 0.707107
-0.707106 0.707107
-0.707106 0.707107
-0.707106 0.707107
-0.707106 0.707107
 box ([0, 0.7071067811865476] ; [-0.7071067811865475, 0.7071067811865476] ; [-0.7071067811865475, 0.7071067811865476] ; [-0.7071067811865475, 0.7071067811865476] ; [-0.7071067811865475, 0.7071067811865476] ; [-0.7071067811865475, 0.7071067811865476] ; [-0.7071067811865475, 0.7071067811865476] ; [-0.7071067811865475, 0.7071067811865476] ; [-0.7071067811865475, 0.7071067811865476] ; [0, 1e-20])
 Q 10
 nobs 36
 nobs 36
 avant solver ([0, 0.7071067811865476] ; [-0.7071067811865475, 0.7071067811865476] ; [-0.7071067811865475, 0.7071067811865476] ; [-0.7071067811865475, 0.7071067811865476] ; [-0.7071067811865475, 0.7071067811865476] ; [-0.7071067811865475, 0.7071067811865476] ; [-0.7071067811865475, 0.7071067811865476] ; [-0.7071067811865475, 0.7071067811865476] ; [-0.7071067811865475, 0.7071067811865476] ; [0, 1e-20])
 nb inliers 0
 apres solver 
box init ([0, 0.7071067811865476] ; [-0.7071067811865475, 0.7071067811865476] ; [-0.7071067811865475, 0.7071067811865476] ; [-0.7071067811865475, 0.7071067811865476] ; [-0.7071067811865475, 0.7071067811865476] ; [-0.7071067811865475, 0.7071067811865476] ; [-0.7071067811865475, 0.7071067811865476] ; [-0.7071067811865475, 0.7071067811865476] ; [-0.7071067811865475, 0.7071067811865476] ; [0, 1e-20])
essential (([-8.83893476483185, 9.192488155425125] ; [-9.192488155425123, 9.192488155425125] ; [-9.192488155425123, 9.192488155425125])
([-9.546041546018398, 9.546041546018398] ; [-9.546041546018398, 9.546041546018398] ; [-9.546041546018398, 9.546041546018398])
([-9.546041546018398, 9.546041546018398] ; [-9.546041546018398, 9.546041546018398] ; [-9.546041546018398, 9.546041546018398]))
 box apres essential  ([0, 0.7071067811865476] ; [-0.7071067811865475, 0.7071067811865476] ; [-0.7071067811865475, 0.7071067811865476] ; [-0.7071067811865475, 0.7071067811865476] ; [-0.7071067811865475, 0.7071067811865476] ; [-0.7071067811865475, 0.7071067811865476] ; [-0.7071067811865475, 0.7071067811865476] ; [-0.7071067811865475, 0.7071067811865476] ; [-0.7071067811865475, 0.7071067811865476] ; [0, 1e-20])
 box apres ctcnorm  ([0, 0.7071067811865476] ; [-0.7071067811865475, 0.7071067811865476] ; [-0.7071067811865475, 0.7071067811865476] ; [-0.7071067811865475, 0.7071067811865476] ; [-0.7071067811865475, 0.7071067811865476] ; [-0.7071067811865475, 0.7071067811865476] ; [-0.7071067811865475, 0.7071067811865476] ; [-0.7071067811865475, 0.7071067811865476] ; [-0.7071067811865475, 0.7071067811865476] ; [0, 1e-20])
essential apres contract (([-8.83893476483185, 9.192488155425125] ; [-9.192488155425123, 9.192488155425125] ; [-9.192488155425123, 9.192488155425125])
([-9.546041546018398, 9.546041546018398] ; [-9.546041546018398, 9.546041546018398] ; [-9.546041546018398, 9.546041546018398])
([-9.546041546018398, 9.546041546018398] ; [-9.546041546018398, 9.546041546018398] ; [-9.546041546018398, 9.546041546018398]))
determinant [-2.121420343559644, 2.121420343559644] point size 36
solution([0.0110485434560398, 0.01520543582708014] ; [-0.1546796083845573, -0.1491553366565373] ; [0.02209708691207966, 0.03314563036811948] ; [-0.1419584192903303, -0.1325825214724776] ; [5.551115123125782e-17, 0.007213380776875418] ; [-0.6947632095205399, -0.6914405175988093] ; [-0.03314563036811937, -0.02209708691207955] ; [0.6883095624404232, 0.6914259757167896] ; [0.00971317286705429, 0.01695472403229799] ; [0, 1e-20]) psize 31 q1 31 q2 1
 time 0.2235410000000005
 nb boxes 122
 depth 62
 valid point (0.01104854345603981 ; -0.1498872522594384 ; 0.02209708691207968 ; -0.1329825376067326 ; 5.551115123125783e-17 ; -0.6940385970734193 ; -0.02960724058840585 ; 0.6902745654469591 ; 0.01092017576609764 ; 0)
 best sol point (0.01104854345603981 ; -0.1498872522594384 ; 0.02209708691207968 ; -0.1329825376067326 ; 5.551115123125783e-17 ; -0.6940385970734193 ; -0.02960724058840585 ; 0.6902745654469591 ; 0.01092017576609764 ; 0)
 qmax epsboxes 0
solution([0.0110485434560398, 0.01519276356323653] ; [-0.1546796083845573, -0.1491553366565373] ; [0.02762135864009956, 0.03314563036811948] ; [-0.1419584192903303, -0.1325825214724776] ; [5.551115123125782e-17, 0.006836103864784557] ; [-0.6944444638248279, -0.6914405175988093] ; [-0.03314563036811937, -0.02209708691207955] ; [0.6884509311579091, 0.6913504749929052] ; [0.01008728215148241, 0.01695472403229799] ; [0, 1e-20]) psize 30 q1 30 q2 18
 time 0.2306570000000005
 nb boxes 124
 depth 63
 valid point (0.01340352431417645 ; -0.1544043189443993 ; 0.02762135864009957 ; -0.1328003923997328 ; 0.00368129894973147 ; -0.693796989090947 ; -0.03314563036811936 ; 0.6890381048420078 ; 0.01695472403229799 ; 0)
 best sol point (0.01340352431417645 ; -0.1544043189443993 ; 0.02762135864009957 ; -0.1328003923997328 ; 0.00368129894973147 ; -0.693796989090947 ; -0.03314563036811936 ; 0.6890381048420078 ; 0.01695472403229799 ; 0)
 qmax epsboxes 0
solution([0.0110485434560398, 0.01256875589620714] ; [-0.1519174725205473, -0.1491553366565373] ; [0.02209708691207966, 0.02485922277608962] ; [-0.1419584192903303, -0.1372704703814039] ; [5.551115123125782e-17, 0.003243714496673008] ; [-0.6935683840734962, -0.6918025133498655] ; [-0.02988035290637348, -0.02762135864009945] ; [0.6894280119054908, 0.6908904499317213] ; [0.01266463383569352, 0.01354471252216227] ; [0, 1e-20]) psize 27 q1 27 q2 19
 time 0.2920800000000007
 nb boxes 148
 depth 69
 valid point (0.01138977816581079 ; -0.1491553366565373 ; 0.02485922277608962 ; -0.1372704703814039 ; 0.002209974764210126 ; -0.6931637882464589 ; -0.02762135864009945 ; 0.6905135475633462 ; 0.01354471252216227 ; 0)
 best sol point (0.01138977816581079 ; -0.1491553366565373 ; 0.02485922277608962 ; -0.1372704703814039 ; 0.002209974764210126 ; -0.6931637882464589 ; -0.02762135864009945 ; 0.6905135475633462 ; 0.01354471252216227 ; 0)
 qmax epsboxes 31
solution([0.0110485434560398, 0.01271528970438868] ; [-0.1546796083845573, -0.1491553366565373] ; [0.02209708691207966, 0.02762135864009957] ; [-0.1419584192903303, -0.1372704703814039] ; [0.0002978107135582744, 0.003455718450999073] ; [-0.6936441300929885, -0.6915832922832213] ; [-0.02762135864009946, -0.02209708691207955] ; [0.6888558610306796, 0.6911832886388888] ; [0.01354689951319049, 0.01589051359679931] ; [0, 1e-20]) psize 30 q1 29 q2 20
 time 0.3021600000000008
 nb boxes 150
 depth 67
 valid point (0.0114977249344231 ; -0.1546796083845572 ; 0.02303958602094082 ; -0.1419584192903302 ; 0.002100056359880808 ; -0.6922169278170275 ; -0.02762135864009945 ; 0.6892950619656862 ; 0.0135468995131905 ; 0)
 best sol point (0.0114977249344231 ; -0.1546796083845572 ; 0.02303958602094082 ; -0.1419584192903302 ; 0.002100056359880808 ; -0.6922169278170275 ; -0.02762135864009945 ; 0.6892950619656862 ; 0.0135468995131905 ; 0)
 qmax epsboxes 31
solution([0.005524271728019902, 0.006634435812677485] ; [-0.1666397599778047, -0.1635483508987016] ; [0.007888868965853394, 0.01104854345603987] ; [-0.1410948312517872, -0.1325825214724776] ; [5.551115123125782e-17, 0.002559522477192856] ; [-0.6948368574935607, -0.6924571989353359] ; [-0.0160784034234166, -0.01141956264006934] ; [0.6873866557007595, 0.6881251208587585] ; [0.004576011000504757, 0.007140628747588728] ; [0, 1e-20]) psize 30 q1 30 q2 21
 time 19.87307600000426
 nb boxes 10926
 depth 62
 valid point (0.005524271728019903 ; -0.1635483508987016 ; 0.007888868965853395 ; -0.1339396845088243 ; 5.551115123125783e-17 ; -0.6942377585281862 ; -0.01568668504348175 ; 0.6877261436650264 ; 0.005125281029006563 ; 0)
 best sol point (0.005524271728019903 ; -0.1635483508987016 ; 0.007888868965853395 ; -0.1339396845088243 ; 5.551115123125783e-17 ; -0.6942377585281862 ; -0.01568668504348175 ; 0.6877261436650264 ; 0.005125281029006563 ; 0)
 qmax epsboxes 32
solution([0.0110485434560398, 0.01204465979061697] ; [-0.1767766952966369, -0.1743052858402539] ; [0.01736099664114456, 0.02209708691207967] ; [-0.1400144092107312, -0.1325825214724776] ; [5.551115123125782e-17, 0.006429503912015207] ; [-0.6946107567615881, -0.6922444662457255] ; [-0.02519765971876288, -0.02146553454487027] ; [0.6835968554005262, 0.6842280030519643] ; [0.01001861964199796, 0.01342665476917503] ; [0, 1e-20]) psize 31 q1 30 q2 22
 time 46.76795100002378
 nb boxes 25884
 depth 59
 valid point (0.01104854345603981 ; -0.1767766952966368 ; 0.01927968504586261 ; -0.1400144092107311 ; 0.001067084187900263 ; -0.6927520449561936 ; -0.02519765971876287 ; 0.684078709787017 ; 0.01178767606642735 ; 0)
 best sol point (0.01104854345603981 ; -0.1767766952966368 ; 0.01927968504586261 ; -0.1400144092107311 ; 0.001067084187900263 ; -0.6927520449561936 ; -0.02519765971876287 ; 0.684078709787017 ; 0.01178767606642735 ; 0)
 qmax epsboxes 32
solution([0.01779458469510328, 0.02073023529752526] ; [-0.1767766952966369, -0.1712524235686169] ; [0.03314563036811947, 0.04118047234937739] ; [-0.1244208277368412, -0.1191168765558153] ; [0.005409088341071998, 0.007590845636970215] ; [-0.6963576730197464, -0.6954225652019446] ; [-0.04661325272438529, -0.04419417382415916] ; [0.6819499348014161, 0.6847513199939888] ; [0.0225335066080486, 0.02373326606775075] ; [0, 1e-20]) psize 28 q1 28 q2 23
 time 97.72856800011016
 nb boxes 56732
 depth 62
 valid point (0.01902879900815955 ; -0.1767766952966368 ; 0.03727047862677731 ; -0.1206826525941407 ; 0.005409088341071999 ; -0.6954225652019446 ; -0.04419417382415916 ; 0.6828563896930234 ; 0.02373326606775075 ; 1e-20)
 best sol point (0.01902879900815955 ; -0.1767766952966368 ; 0.03727047862677731 ; -0.1206826525941407 ; 0.005409088341071999 ; -0.6954225652019446 ; -0.04419417382415916 ; 0.6828563896930234 ; 0.02373326606775075 ; 1e-20)
 qmax epsboxes 32
solution([0.004664742814877013, 0.005524271728019903] ; [-0.1767766952966369, -0.1752692469030269] ; [0.005524271728019958, 0.01014803598242332] ; [-0.1233144383168414, -0.1199868001688811] ; [5.551115123125782e-17, 0.003412996160719968] ; [-0.6971197170467963, -0.6960586446824015] ; [-0.01756261182645673, -0.01429604401567328] ; [0.6841173237722152, 0.6844995851320415] ; [0.003842649742569655, 0.006761033247873162] ; [0, 1e-20]) psize 30 q1 27 q2 24
 time 129.8383830001801
 nb boxes 76594
 depth 64
 valid point (0.005524271728019903 ; -0.1765598998746734 ; 0.009426664267618828 ; -0.1233144383168413 ; 5.594483210025203e-17 ; -0.6961906033739053 ; -0.01429604401567328 ; 0.6844995851320415 ; 0.005279243215225336 ; 1e-20)
 best sol point (0.005524271728019903 ; -0.1765598998746734 ; 0.009426664267618828 ; -0.1233144383168413 ; 5.594483210025203e-17 ; -0.6961906033739053 ; -0.01429604401567328 ; 0.6844995851320415 ; 0.005279243215225336 ; 1e-20)
 qmax epsboxes 32
solution([0.01809500753260366, 0.01912092926638657] ; [-0.2772040995307758, -0.2739214343305469] ; [0.03034877376953312, 0.03375392072797028] ; [-0.09668614058419254, -0.08838834764831839] ; [5.551115123125782e-17, 0.003060666005292549] ; [-0.7009079672151479, -0.6991898590947694] ; [-0.03441192186040935, -0.03199199391849537] ; [0.6491161655461624, 0.6504786058296548] ; [0.01741722182336839, 0.02027322979309058] ; [0, 1e-20]) psize 30 q1 30 q2 25
 time 14888.73720854539
 nb boxes 9468800
 depth 60
 valid point (0.01817221276670362 ; -0.2746259156608304 ; 0.03034877376953313 ; -0.08838834764831839 ; 5.594483210025203e-17 ; -0.7006892535443034 ; -0.03199199391849537 ; 0.6504786058296548 ; 0.01772558573666093 ; 1e-20)
 best sol point (0.01817221276670362 ; -0.2746259156608304 ; 0.03034877376953313 ; -0.08838834764831839 ; 5.594483210025203e-17 ; -0.7006892535443034 ; -0.03199199391849537 ; 0.6504786058296548 ; 0.01772558573666093 ; 1e-20)
 qmax epsboxes 34
solution([0.0110485434560398, 0.01199500832686912] ; [-0.2680180863183894, -0.2651650429449552] ; [0.01210439953339615, 0.01710074322273792] ; [-0.09675014085202952, -0.08838834764831839] ; [5.551115123125782e-17, 0.003963572541977113] ; [-0.7016200747987103, -0.6999421501690681] ; [-0.02144323127664304, -0.01912393978474643] ; [0.6536172712082933, 0.6553419065862305] ; [0.008141978345250031, 0.01119649889835439] ; [0, 1e-20]) psize 33 q1 33 q2 26
 time 14919.98047555349
 nb boxes 9487734
 depth 62
 valid point (0.01104854345603981 ; -0.2651650429449552 ; 0.01710074322273792 ; -0.0883883476483184 ; 5.551115123125783e-17 ; -0.7012846556725274 ; -0.02050647245675541 ; 0.655044830833917 ; 0.01000711437317109 ; 0)
 best sol point (0.01104854345603981 ; -0.2651650429449552 ; 0.01710074322273792 ; -0.0883883476483184 ; 5.551115123125783e-17 ; -0.7012846556725274 ; -0.02050647245675541 ; 0.655044830833917 ; 0.01000711437317109 ; 0)
 qmax epsboxes 34
solution([0.01910860437468863, 0.02209708691207962] ; [-0.3371634062988912, -0.3346951368612176] ; [0.02762135864009956, 0.03314563036811948] ; [-0.03314563036811937, -0.02209708691207955] ; [5.551115123125782e-17, 0.006316818762496919] ; [-0.706193305906631, -0.7048418267167705] ; [-0.03679124844930387, -0.03371802124853313] ; [0.6205829849660786, 0.6219244927271683] ; [0.01991807571884523, 0.027045085977549] ; [0, 1e-20]) psize 32 q1 32 q2 27
 time 15140.38415461117
 nb boxes 9623606
 depth 60
 valid point (0.0211488117556522 ; -0.3346951368612176 ; 0.03090833157027006 ; -0.02209708691207955 ; 0.001961693639781391 ; -0.7058046748654589 ; -0.03679124844930386 ; 0.6214424279030484 ; 0.02029115653400193 ; 0)
 best sol point (0.0211488117556522 ; -0.3346951368612176 ; 0.03090833157027006 ; -0.02209708691207955 ; 0.001961693639781391 ; -0.7058046748654589 ; -0.03679124844930386 ; 0.6214424279030484 ; 0.02029115653400193 ; 0)
 qmax epsboxes 34
solution([0.01935762508382054, 0.02188802327684765] ; [-0.3273521720290309, -0.3227031193005707] ; [0.03038349450410952, 0.03306895949588612] ; [-0.03314563036811937, -0.02762135864009945] ; [5.551115123125782e-17, 0.002202602679056842] ; [-0.7058754133414196, -0.705103045065998] ; [-0.03725551069365895, -0.0350063718211767] ; [0.6256984309856175, 0.6281195895288403] ; [0.01839505986942561, 0.019481581502875] ; [0, 1e-20]) psize 31 q1 31 q2 28
 time 15147.01820461264
 nb boxes 9627104
 depth 62
 valid point (0.01998217891827114 ; -0.3227031193005707 ; 0.03038349450410953 ; -0.03314563036811936 ; 0.001470058627863358 ; -0.7054194811399507 ; -0.0350063718211767 ; 0.6278216655709379 ; 0.019481581502875 ; 1e-20)
 best sol point (0.01998217891827114 ; -0.3227031193005707 ; 0.03038349450410953 ; -0.03314563036811936 ; 0.001470058627863358 ; -0.7054194811399507 ; -0.0350063718211767 ; 0.6278216655709379 ; 0.019481581502875 ; 1e-20)
 qmax epsboxes 34
solution([0.01818581146646075, 0.0190997205891884] ; [-0.2759115110193263, -0.2728580608305592] ; [0.02862669680429426, 0.03314563036811948] ; [-0.08146966667823658, -0.07770700456069022] ; [5.551115123125782e-17, 0.00524761262148282] ; [-0.7015290791892046, -0.7011543976556185] ; [-0.03676882563722136, -0.03455432271878355] ; [0.6496342830210348, 0.6508559712794226] ; [0.01950526540938308, 0.02064949584246448] ; [0, 1e-20]) psize 30 q1 30 q2 29
 time 15305.9117786506
 nb boxes 9717002
 depth 60
 valid point (0.0190997205891884 ; -0.2737670959889095 ; 0.03314563036811948 ; -0.07926289809751144 ; 0.000600878497624948 ; -0.7015290791892045 ; -0.03455432271878355 ; 0.6507638381718417 ; 0.01950526540938309 ; 0)
 best sol point (0.0190997205891884 ; -0.2737670959889095 ; 0.03314563036811948 ; -0.07926289809751144 ; 0.000600878497624948 ; -0.7015290791892045 ; -0.03455432271878355 ; 0.6507638381718417 ; 0.01950526540938309 ; 0)
 qmax epsboxes 34
solution([0.01008526247462922, 0.01085203588138511] ; [-0.2576413730781722, -0.256394605685382] ; [0.01797804131439782, 0.02075665510054904] ; [-0.0883883476483184, -0.08562621178430843] ; [-0.002224272407423604, 5.551115123125783e-17] ; [-0.7018175827075705, -0.7009245635522122] ; [-0.02143214532617482, -0.01945273819022623] ; [0.6578549696134643, 0.6583372064201827] ; [0.009606987576590347, 0.01072122465664419] ; [0, 1e-20]) psize 32 q1 32 q2 30
 time 21145.77859659226
 nb boxes 13630018
 depth 60
 valid point (0.01025253965471377 ; -0.2576413730781721 ; 0.01797804131439783 ; -0.08838834764831839 ; -0.0004469826949114188 ; -0.7012493431830177 ; -0.01945273819022623 ; 0.6582146834219207 ; 0.00960698757659035 ; 0)
 best sol point (0.01025253965471377 ; -0.2576413730781721 ; 0.01797804131439783 ; -0.08838834764831839 ; -0.0004469826949114188 ; -0.7012493431830177 ; -0.01945273819022623 ; 0.6582146834219207 ; 0.00960698757659035 ; 0)
 qmax epsboxes 34
Number of branches : 58776564
time used : 88935.63549327308
 remaining small boxes  680414 max possible inliers in small boxes 34
 best sol point 0.01025253965471377 -0.2576413730781721 0.01797804131439783 -0.08838834764831839 -0.0004469826949114188 -0.7012493431830177 -0.01945273819022623 0.6582146834219207 0.00960698757659035 0 
 nobs 36
 nobs 36
 nb inliers 30
essential (([-1.631302788836281e-05, 0.0001836869721116503] ; [-0.0001283382706912639, 7.166172930906925e-05] ; [-0.0001455100959819216, 5.448990401810319e-05])
([-8.310456539854533e-05, 0.0001168954346015139] ; [-0.0001882328982946867, 1.176710170532206e-05] ; [-9.669121428344165e-06, 0.0001903308785721235])
([-5.840815973461528e-05, 0.000141591840265403] ; [-1.257584278810112e-05, 0.0001874241572124957] ; [-2.324879380319243e-05, 0.0001767512061968224]))determinant [-0.0001471621371277709, 5.283786287223437e-05] time used 88935.63549327308  
 total branch number 58776564
