essential_test4.txt
 fin lecture 
 p 36
 avant lecture 
 apres lecture 
 apres contraintes 
0.0121462  -0.149517  0.0272993  -0.138859  0.00147601  -0.69268  -0.0281015  0.690426  0.0136108  
0 0.707107
-0.707106 0.707107
-0.707106 0.707107
-0.707106 0.707107
-0.707106 0.707107
-0.707106 0.707107
-0.707106 0.707107
-0.707106 0.707107
-0.707106 0.707107
 box ([0, 0.7071067811865476] ; [-0.7071067811865475, 0.7071067811865476] ; [-0.7071067811865475, 0.7071067811865476] ; [-0.7071067811865475, 0.7071067811865476] ; [-0.7071067811865475, 0.7071067811865476] ; [-0.7071067811865475, 0.7071067811865476] ; [-0.7071067811865475, 0.7071067811865476] ; [-0.7071067811865475, 0.7071067811865476] ; [-0.7071067811865475, 0.7071067811865476] ; [0, 1e-20])
 Q 10
 nobs 36
 nobs 36
 avant solver ([0, 0.7071067811865476] ; [-0.7071067811865475, 0.7071067811865476] ; [-0.7071067811865475, 0.7071067811865476] ; [-0.7071067811865475, 0.7071067811865476] ; [-0.7071067811865475, 0.7071067811865476] ; [-0.7071067811865475, 0.7071067811865476] ; [-0.7071067811865475, 0.7071067811865476] ; [-0.7071067811865475, 0.7071067811865476] ; [-0.7071067811865475, 0.7071067811865476] ; [0, 1e-20])
 nb inliers 0
 apres solver 
box init ([0, 0.7071067811865476] ; [-0.7071067811865475, 0.7071067811865476] ; [-0.7071067811865475, 0.7071067811865476] ; [-0.7071067811865475, 0.7071067811865476] ; [-0.7071067811865475, 0.7071067811865476] ; [-0.7071067811865475, 0.7071067811865476] ; [-0.7071067811865475, 0.7071067811865476] ; [-0.7071067811865475, 0.7071067811865476] ; [-0.7071067811865475, 0.7071067811865476] ; [0, 1e-20])
essential (([-8.83893476483185, 9.192488155425125] ; [-9.192488155425123, 9.192488155425125] ; [-9.192488155425123, 9.192488155425125])
([-9.546041546018398, 9.546041546018398] ; [-9.546041546018398, 9.546041546018398] ; [-9.546041546018398, 9.546041546018398])
([-9.546041546018398, 9.546041546018398] ; [-9.546041546018398, 9.546041546018398] ; [-9.546041546018398, 9.546041546018398]))
 box apres essential  ([0, 0.7071067811865476] ; [-0.7071067811865475, 0.7071067811865476] ; [-0.7071067811865475, 0.7071067811865476] ; [-0.7071067811865475, 0.7071067811865476] ; [-0.7071067811865475, 0.7071067811865476] ; [-0.7071067811865475, 0.7071067811865476] ; [-0.7071067811865475, 0.7071067811865476] ; [-0.7071067811865475, 0.7071067811865476] ; [-0.7071067811865475, 0.7071067811865476] ; [0, 1e-20])
 box apres ctcnorm  ([0, 0.7071067811865476] ; [-0.7071067811865475, 0.7071067811865476] ; [-0.7071067811865475, 0.7071067811865476] ; [-0.7071067811865475, 0.7071067811865476] ; [-0.7071067811865475, 0.7071067811865476] ; [-0.7071067811865475, 0.7071067811865476] ; [-0.7071067811865475, 0.7071067811865476] ; [-0.7071067811865475, 0.7071067811865476] ; [-0.7071067811865475, 0.7071067811865476] ; [0, 1e-20])
essential apres contract (([-8.83893476483185, 9.192488155425125] ; [-9.192488155425123, 9.192488155425125] ; [-9.192488155425123, 9.192488155425125])
([-9.546041546018398, 9.546041546018398] ; [-9.546041546018398, 9.546041546018398] ; [-9.546041546018398, 9.546041546018398])
([-9.546041546018398, 9.546041546018398] ; [-9.546041546018398, 9.546041546018398] ; [-9.546041546018398, 9.546041546018398]))
determinant [-2.121420343559644, 2.121420343559644] point size 36
solution([0.0110485434560398, 0.01520543582708014] ; [-0.1546796083845573, -0.1491553366565373] ; [0.02209708691207966, 0.03314563036811948] ; [-0.1419584192903303, -0.1325825214724776] ; [5.551115123125782e-17, 0.007213380776875418] ; [-0.6947632095205399, -0.6914405175988093] ; [-0.03314563036811937, -0.02209708691207955] ; [0.6883095624404232, 0.6914259757167896] ; [0.00971317286705429, 0.01695472403229799] ; [0, 1e-20]) psize 31 q1 31 q2 1
 time 0.2315570000000005
 nb boxes 122
 depth 62
 valid point (0.01104854345603981 ; -0.1498872522594384 ; 0.02209708691207968 ; -0.1329825376067326 ; 5.551115123125783e-17 ; -0.6940385970734193 ; -0.02960724058840585 ; 0.6902745654469591 ; 0.01092017576609764 ; 0)
 best sol point (0.01104854345603981 ; -0.1498872522594384 ; 0.02209708691207968 ; -0.1329825376067326 ; 5.551115123125783e-17 ; -0.6940385970734193 ; -0.02960724058840585 ; 0.6902745654469591 ; 0.01092017576609764 ; 0)
 qmax epsboxes 0
solution([0.0110485434560398, 0.01519276356323653] ; [-0.1546796083845573, -0.1491553366565373] ; [0.02762135864009956, 0.03314563036811948] ; [-0.1419584192903303, -0.1325825214724776] ; [5.551115123125782e-17, 0.006836103864784557] ; [-0.6944444638248279, -0.6914405175988093] ; [-0.03314563036811937, -0.02209708691207955] ; [0.6884509311579091, 0.6913504749929052] ; [0.01008728215148241, 0.01695472403229799] ; [0, 1e-20]) psize 30 q1 30 q2 18
 time 0.2389410000000005
 nb boxes 124
 depth 63
 valid point (0.01340352431417645 ; -0.1544043189443993 ; 0.02762135864009957 ; -0.1328003923997328 ; 0.00368129894973147 ; -0.693796989090947 ; -0.03314563036811936 ; 0.6890381048420078 ; 0.01695472403229799 ; 0)
 best sol point (0.01340352431417645 ; -0.1544043189443993 ; 0.02762135864009957 ; -0.1328003923997328 ; 0.00368129894973147 ; -0.693796989090947 ; -0.03314563036811936 ; 0.6890381048420078 ; 0.01695472403229799 ; 0)
 qmax epsboxes 0
solution([0.01169056319138172, 0.01443319517411242] ; [-0.1546796083845573, -0.1491553366565373] ; [0.02762135864009956, 0.03314563036811948] ; [-0.137270470381404, -0.1325825214724776] ; [0.003373170370581136, 0.005941125892411224] ; [-0.6942923620852885, -0.6923062011962133] ; [-0.03314563036811937, -0.02762135864009945] ; [0.6885825526807549, 0.6909560742477536] ; [0.01427721500577752, 0.01695472403229799] ; [0, 1e-20]) psize 30 q1 30 q2 19
 time 0.3675810000000011
 nb boxes 168
 depth 66
 valid point (0.01331133097418615 ; -0.1491553366565373 ; 0.02856516137515225 ; -0.1325825214724776 ; 0.003744527271221604 ; -0.6938070466313179 ; -0.03314563036811936 ; 0.6902220033034286 ; 0.01695472403229799 ; 0)
 best sol point (0.01331133097418615 ; -0.1491553366565373 ; 0.02856516137515225 ; -0.1325825214724776 ; 0.003744527271221604 ; -0.6938070466313179 ; -0.03314563036811936 ; 0.6902220033034286 ; 0.01695472403229799 ; 0)
 qmax epsboxes 31
solution([0.005524271728019902, 0.006552855470000846] ; [-0.1546796083845573, -0.1491553366565373] ; [0.00586379161390136, 0.01104854345603987] ; [-0.1424917726653541, -0.1325825214724776] ; [5.551115123125782e-17, 0.005371431279367976] ; [-0.694948736352145, -0.6920657235154134] ; [-0.01639603661652596, -0.01172517004225517] ; [0.6892843323953262, 0.6914556240666365] ; [0.004515051204176543, 0.007222526979184866] ; [0, 1e-20]) psize 29 q1 29 q2 20
 time 13.4805470000019
 nb boxes 7452
 depth 62
 valid point (0.005944176850855517 ; -0.1546796083845572 ; 0.01104854345603987 ; -0.1325825214724776 ; 5.551115123125783e-17 ; -0.6945050845186042 ; -0.01639603661652595 ; 0.6897512997480833 ; 0.005910373529756064 ; 1e-20)
 best sol point (0.005944176850855517 ; -0.1546796083845572 ; 0.01104854345603987 ; -0.1325825214724776 ; 5.551115123125783e-17 ; -0.6945050845186042 ; -0.01639603661652595 ; 0.6897512997480833 ; 0.005910373529756064 ; 1e-20)
 qmax epsboxes 32
solution([0.005524271728019902, 0.006052872312569038] ; [-0.1767766952966369, -0.1754086880232088] ; [0.004708261484983723, 0.007382527018653671] ; [-0.1415424587753842, -0.1325825214724776] ; [5.551115123125782e-17, 0.002278858868440384] ; [-0.6948527708541022, -0.6926343569936123] ; [-0.01568614868307575, -0.01363089512582232] ; [0.6841094116036742, 0.6844586851181343] ; [0.004359024399834736, 0.005620888121919843] ; [0, 1e-20]) psize 28 q1 27 q2 21
 time 19.53946900000416
 nb boxes 10826
 depth 62
 valid point (0.005524271728019904 ; -0.1767575918281688 ; 0.007382527018653671 ; -0.1325825214724776 ; 5.551115123125783e-17 ; -0.6945201582723055 ; -0.01461245363143963 ; 0.6844586851181343 ; 0.004903990973166371 ; 0)
 best sol point (0.005524271728019904 ; -0.1767575918281688 ; 0.007382527018653671 ; -0.1325825214724776 ; 5.551115123125783e-17 ; -0.6945201582723055 ; -0.01461245363143963 ; 0.6844586851181343 ; 0.004903990973166371 ; 0)
 qmax epsboxes 32
solution([0.005524271728019902, 0.006772679164113423] ; [-0.1657281518405971, -0.1629440250341599] ; [0.004741190128265709, 0.01104854345603987] ; [-0.141880971523871, -0.1325825214724776] ; [5.551115123125782e-17, 0.005396845774979309] ; [-0.6949332048063126, -0.6922805172401493] ; [-0.01607882322858815, -0.01084972256992162] ; [0.6867291249318099, 0.6873866557007596] ; [0.004413581025391127, 0.006659521017713461] ; [0, 1e-20]) psize 30 q1 30 q2 22
 time 19.78326000000429
 nb boxes 10952
 depth 61
 valid point (0.006324739073021812 ; -0.165728151840597 ; 0.01104854345603987 ; -0.1325825214724776 ; 5.551115123125783e-17 ; -0.694432881976803 ; -0.01607882322858814 ; 0.6871854479834428 ; 0.00602735318715124 ; 0)
 best sol point (0.006324739073021812 ; -0.165728151840597 ; 0.01104854345603987 ; -0.1325825214724776 ; 5.551115123125783e-17 ; -0.694432881976803 ; -0.01607882322858814 ; 0.6871854479834428 ; 0.00602735318715124 ; 0)
 qmax epsboxes 32
solution([0.01721261483905546, 0.01843584255201397] ; [-0.1767766952966369, -0.1663214905086928] ; [0.0326711611760759, 0.04037792824811771] ; [-0.1235436999513988, -0.1164411348163698] ; [0.005746039576293072, 0.01133760516340718] ; [-0.6954225652019424, -0.6943197860384762] ; [-0.04943194678292222, -0.04419417382415916] ; [0.6823089645061269, 0.6852863336730147] ; [0.0211116558844541, 0.02684069728588352] ; [0, 1e-20]) psize 30 q1 30 q2 23
 time 47.70324100002575
 nb boxes 27224
 depth 59
 valid point (0.01843584255201397 ; -0.1670522392220031 ; 0.03833123472195791 ; -0.1217549515807511 ; 0.005746039576293073 ; -0.6951363420890706 ; -0.04419417382415917 ; 0.6852863336730147 ; 0.02384362978145001 ; 0)
 best sol point (0.01843584255201397 ; -0.1670522392220031 ; 0.03833123472195791 ; -0.1217549515807511 ; 0.005746039576293073 ; -0.6951363420890706 ; -0.04419417382415917 ; 0.6852863336730147 ; 0.02384362978145001 ; 0)
 qmax epsboxes 32
solution([0.005524271728019902, 0.006772372713382246] ; [-0.1767766952966369, -0.1712889003611239] ; [0.00402462137795553, 0.01104854345603987] ; [-0.1254051895301826, -0.1220510913745865] ; [5.551115123125782e-17, 0.0054364358722329] ; [-0.6960097394357013, -0.6954130383331191] ; [-0.01625420177119618, -0.01134735930370481] ; [0.6844543723096898, 0.6862666133559531] ; [0.004086121324138417, 0.006776965554983848] ; [0, 1e-20]) psize 30 q1 30 q2 24
 time 58.95468100003624
 nb boxes 33558
 depth 62
 valid point (0.006171258261987266 ; -0.1766486280443651 ; 0.01000344524735247 ; -0.1254051895301825 ; 5.551115123125783e-17 ; -0.6958227584729648 ; -0.01625420177119617 ; 0.6844543723096899 ; 0.005767737306612052 ; 0)
 best sol point (0.006171258261987266 ; -0.1766486280443651 ; 0.01000344524735247 ; -0.1254051895301825 ; 5.551115123125783e-17 ; -0.6958227584729648 ; -0.01625420177119617 ; 0.6844543723096899 ; 0.005767737306612052 ; 0)
 qmax epsboxes 32
solution([0.01764926887822848, 0.01888116717819033] ; [-0.2681767060211751, -0.2651650429449552] ; [0.03140811858044711, 0.03547705785608426] ; [-0.09675983831219213, -0.08838834764831839] ; [5.551115123125782e-17, 0.003636759631852947] ; [-0.7008768843146917, -0.6990303423674739] ; [-0.03494172545632609, -0.03199199391849537] ; [0.6528612996497065, 0.6547405267047697] ; [0.01719882949294588, 0.02074515010420431] ; [0, 1e-20]) psize 30 q1 30 q2 25
 time 6243.476101436825
 nb boxes 3676046
 depth 61
 valid point (0.01888116717819033 ; -0.268176706021175 ; 0.03140811858044712 ; -0.09675983831219212 ; 5.551115123125783e-17 ; -0.6995150613747938 ; -0.03306531861044455 ; 0.6530973434200927 ; 0.01847561303791837 ; 0)
 best sol point (0.01888116717819033 ; -0.268176706021175 ; 0.03140811858044712 ; -0.09675983831219212 ; 5.551115123125783e-17 ; -0.6995150613747938 ; -0.03306531861044455 ; 0.6530973434200927 ; 0.01847561303791837 ; 0)
 qmax epsboxes 34
solution([0.01436326674606557, 0.01654701269756168] ; [-0.2750719318063064, -0.2714646353453984] ; [0.02762135864009956, 0.03314563036811948] ; [-0.0937733802765792, -0.08838834764831839] ; [5.551115123125782e-17, 0.003848857982627742] ; [-0.7010859908881703, -0.6995968877124768] ; [-0.02973668462921346, -0.02464903213874611] ; [0.6510483400992066, 0.6525696742954408] ; [0.01488109265512, 0.01763927088055602] ; [0, 1e-20]) psize 30 q1 30 q2 27
 time 6266.665797439615
 nb boxes 3689066
 depth 63
 valid point (0.01654701269756168 ; -0.2714646353453984 ; 0.02762135864009957 ; -0.08838834764831839 ; 5.551115123125783e-17 ; -0.700833254393258 ; -0.02951494125698857 ; 0.6520752674839321 ; 0.01604314040289516 ; 0)
 best sol point (0.01654701269756168 ; -0.2714646353453984 ; 0.02762135864009957 ; -0.08838834764831839 ; 5.551115123125783e-17 ; -0.700833254393258 ; -0.02951494125698857 ; 0.6520752674839321 ; 0.01604314040289516 ; 0)
 qmax epsboxes 34
solution([0.008226246717197186, 0.01104854345603981] ; [-0.287282631365169, -0.2844809762406039] ; [0.01104854345603986, 0.02209708691207967] ; [-0.06629126073623879, -0.05323074282872521] ; [5.551115123125782e-17, 0.01116828543391118] ; [-0.7041978101682829, -0.7031052211646593] ; [-0.02303183812708927, -0.01322052848832924] ; [0.6450983130927792, 0.6463259858871145] ; [0.005979248896106988, 0.01808538464634711] ; [0, 1e-20]) psize 33 q1 33 q2 28
 time 6379.313174453081
 nb boxes 3752504
 depth 56
 valid point (0.008979320019689527 ; -0.2861177668537199 ; 0.01356709595146274 ; -0.06629126073623878 ; 5.551115123125783e-17 ; -0.7037886175629248 ; -0.0168846233593502 ; 0.6463259858871145 ; 0.007878990673411805 ; 1e-20)
 best sol point (0.008979320019689527 ; -0.2861177668537199 ; 0.01356709595146274 ; -0.06629126073623878 ; 5.551115123125783e-17 ; -0.7037886175629248 ; -0.0168846233593502 ; 0.6463259858871145 ; 0.007878990673411805 ; 1e-20)
 qmax epsboxes 34
solution([0.009355912349861094, 0.01104854345603981] ; [-0.2430679560328757, -0.237815477944559] ; [0.01104854345603986, 0.02135967737417991] ; [-0.1053367193204769, -0.09727787211790438] ; [5.551115123125782e-17, 0.005862388923218429] ; [-0.7006780900746352, -0.6995104027234066] ; [-0.02610180692365193, -0.02153221638386122] ; [0.6630332939052057, 0.6658835061113782] ; [0.006696191626280844, 0.01732251541962438] ; [0, 1e-20]) psize 33 q1 33 q2 29
 time 6420.677461457919
 nb boxes 3775224
 depth 59
 valid point (0.01104854345603981 ; -0.2430679560328756 ; 0.01898008225924514 ; -0.09951176561007421 ; 5.551115123125783e-17 ; -0.6997040204711642 ; -0.02153221638386122 ; 0.6635503320586611 ; 0.01055641940241869 ; 0)
 best sol point (0.01104854345603981 ; -0.2430679560328756 ; 0.01898008225924514 ; -0.09951176561007421 ; 5.551115123125783e-17 ; -0.6997040204711642 ; -0.02153221638386122 ; 0.6635503320586611 ; 0.01055641940241869 ; 0)
 qmax epsboxes 34
Number of branches : 28474244
time used : 45193.91251616073
 remaining small boxes  237219 max possible inliers in small boxes 34
 best sol point 0.01104854345603981 -0.2430679560328756 0.01898008225924514 -0.09951176561007421 5.551115123125783e-17 -0.6997040204711642 -0.02153221638386122 0.6635503320586611 0.01055641940241869 0 
 nobs 36
 nobs 36
 nb inliers 29
essential (([-2.221224533491074e-05, 0.0001777877546651058] ; [-0.0001012045065481692, 9.879549345219166e-05] ; [-0.0001003087612180887, 9.969123878194129e-05])
([-9.73870600344139e-05, 0.0001026129399656638] ; [-6.827920166331435e-05, 0.0001317207983366935] ; [-9.17447622927957e-05, 0.0001082552377077485])
([-7.656295018600608e-05, 0.0001234370498140165] ; [-9.135492375869351e-05, 0.0001086450762419727] ; [-0.0001334591357988338, 6.65408642011838e-05]))determinant [-0.0001410048137197547, 5.899518628024971e-05] time used 45193.91251616073  
 total branch number 28474244
