essential_test4.txt
 fin lecture 
 p 36
 avant lecture 
 apres lecture 
 apres contraintes 
0.0121462  -0.149517  0.0272993  -0.138859  0.00147601  -0.69268  -0.0281015  0.690426  0.0136108  
0 0.707107
-0.707106 0.707107
-0.707106 0.707107
-0.707106 0.707107
-0.707106 0.707107
-0.707106 0.707107
-0.707106 0.707107
-0.707106 0.707107
-0.707106 0.707107
 box ([0, 0.7071067811865476] ; [-0.7071067811865475, 0.7071067811865476] ; [-0.7071067811865475, 0.7071067811865476] ; [-0.7071067811865475, 0.7071067811865476] ; [-0.7071067811865475, 0.7071067811865476] ; [-0.7071067811865475, 0.7071067811865476] ; [-0.7071067811865475, 0.7071067811865476] ; [-0.7071067811865475, 0.7071067811865476] ; [-0.7071067811865475, 0.7071067811865476] ; [0, 1e-20])
 Q 10
 nobs 36
 nobs 36
 avant solver ([0, 0.7071067811865476] ; [-0.7071067811865475, 0.7071067811865476] ; [-0.7071067811865475, 0.7071067811865476] ; [-0.7071067811865475, 0.7071067811865476] ; [-0.7071067811865475, 0.7071067811865476] ; [-0.7071067811865475, 0.7071067811865476] ; [-0.7071067811865475, 0.7071067811865476] ; [-0.7071067811865475, 0.7071067811865476] ; [-0.7071067811865475, 0.7071067811865476] ; [0, 1e-20])
 nb inliers 0
 apres solver 
box init ([0, 0.7071067811865476] ; [-0.7071067811865475, 0.7071067811865476] ; [-0.7071067811865475, 0.7071067811865476] ; [-0.7071067811865475, 0.7071067811865476] ; [-0.7071067811865475, 0.7071067811865476] ; [-0.7071067811865475, 0.7071067811865476] ; [-0.7071067811865475, 0.7071067811865476] ; [-0.7071067811865475, 0.7071067811865476] ; [-0.7071067811865475, 0.7071067811865476] ; [0, 1e-20])
essential (([-8.83893476483185, 9.192488155425125] ; [-9.192488155425123, 9.192488155425125] ; [-9.192488155425123, 9.192488155425125])
([-9.546041546018398, 9.546041546018398] ; [-9.546041546018398, 9.546041546018398] ; [-9.546041546018398, 9.546041546018398])
([-9.546041546018398, 9.546041546018398] ; [-9.546041546018398, 9.546041546018398] ; [-9.546041546018398, 9.546041546018398]))
 box apres essential  ([0, 0.7071067811865476] ; [-0.7071067811865475, 0.7071067811865476] ; [-0.7071067811865475, 0.7071067811865476] ; [-0.7071067811865475, 0.7071067811865476] ; [-0.7071067811865475, 0.7071067811865476] ; [-0.7071067811865475, 0.7071067811865476] ; [-0.7071067811865475, 0.7071067811865476] ; [-0.7071067811865475, 0.7071067811865476] ; [-0.7071067811865475, 0.7071067811865476] ; [0, 1e-20])
 box apres ctcnorm  ([0, 0.7071067811865476] ; [-0.7071067811865475, 0.7071067811865476] ; [-0.7071067811865475, 0.7071067811865476] ; [-0.7071067811865475, 0.7071067811865476] ; [-0.7071067811865475, 0.7071067811865476] ; [-0.7071067811865475, 0.7071067811865476] ; [-0.7071067811865475, 0.7071067811865476] ; [-0.7071067811865475, 0.7071067811865476] ; [-0.7071067811865475, 0.7071067811865476] ; [0, 1e-20])
essential apres contract (([-8.83893476483185, 9.192488155425125] ; [-9.192488155425123, 9.192488155425125] ; [-9.192488155425123, 9.192488155425125])
([-9.546041546018398, 9.546041546018398] ; [-9.546041546018398, 9.546041546018398] ; [-9.546041546018398, 9.546041546018398])
([-9.546041546018398, 9.546041546018398] ; [-9.546041546018398, 9.546041546018398] ; [-9.546041546018398, 9.546041546018398]))
determinant [-2.121420343559644, 2.121420343559644] point size 36
solution([0.0110485434560398, 0.01520543582708014] ; [-0.1546796083845573, -0.1491553366565373] ; [0.02209708691207966, 0.03314563036811948] ; [-0.1419584192903303, -0.1325825214724776] ; [5.551115123125782e-17, 0.007213380776875418] ; [-0.6947632095205399, -0.6914405175988093] ; [-0.03314563036811937, -0.02209708691207955] ; [0.6883095624404232, 0.6914259757167896] ; [0.00971317286705429, 0.01695472403229799] ; [0, 1e-20]) psize 31 q1 31 q2 1
 time 0.2295520000000004
 nb boxes 122
 depth 62
 valid point (0.01104854345603981 ; -0.1498872522594384 ; 0.02209708691207968 ; -0.1329825376067326 ; 5.551115123125783e-17 ; -0.6940385970734193 ; -0.02960724058840585 ; 0.6902745654469591 ; 0.01092017576609764 ; 0)
 best sol point (0.01104854345603981 ; -0.1498872522594384 ; 0.02209708691207968 ; -0.1329825376067326 ; 5.551115123125783e-17 ; -0.6940385970734193 ; -0.02960724058840585 ; 0.6902745654469591 ; 0.01092017576609764 ; 0)
 qmax epsboxes 0
solution([0.0110485434560398, 0.01519276356323653] ; [-0.1546796083845573, -0.1491553366565373] ; [0.02762135864009956, 0.03314563036811948] ; [-0.1419584192903303, -0.1325825214724776] ; [5.551115123125782e-17, 0.006836103864784557] ; [-0.6944444638248279, -0.6914405175988093] ; [-0.03314563036811937, -0.02209708691207955] ; [0.6884509311579091, 0.6913504749929052] ; [0.01008728215148241, 0.01695472403229799] ; [0, 1e-20]) psize 30 q1 30 q2 18
 time 0.2368900000000005
 nb boxes 124
 depth 63
 valid point (0.01340352431417645 ; -0.1544043189443993 ; 0.02762135864009957 ; -0.1328003923997328 ; 0.00368129894973147 ; -0.693796989090947 ; -0.03314563036811936 ; 0.6890381048420078 ; 0.01695472403229799 ; 0)
 best sol point (0.01340352431417645 ; -0.1544043189443993 ; 0.02762135864009957 ; -0.1328003923997328 ; 0.00368129894973147 ; -0.693796989090947 ; -0.03314563036811936 ; 0.6890381048420078 ; 0.01695472403229799 ; 0)
 qmax epsboxes 0
solution([0.0110485434560398, 0.01198193857544831] ; [-0.1519174725205473, -0.1491553366565373] ; [0.02209708691207966, 0.02485922277608962] ; [-0.1419584192903303, -0.1372704703814039] ; [0.001096980824725628, 0.003455718450999073] ; [-0.6935764674308322, -0.6917664704711208] ; [-0.02762135864009946, -0.02371608560857285] ; [0.6895355917126168, 0.6910235037772499] ; [0.01354689951319049, 0.01515670167625633] ; [0, 1e-20]) psize 28 q1 27 q2 19
 time 0.3203980000000008
 nb boxes 154
 depth 69
 valid point (0.0114056058759102 ; -0.1491553366565373 ; 0.02485922277608962 ; -0.1372704703814039 ; 0.002180885900385008 ; -0.6931534198955644 ; -0.02762135864009945 ; 0.6905146708600203 ; 0.0135468995131905 ; 1e-20)
 best sol point (0.0114056058759102 ; -0.1491553366565373 ; 0.02485922277608962 ; -0.1372704703814039 ; 0.002180885900385008 ; -0.6931534198955644 ; -0.02762135864009945 ; 0.6905146708600203 ; 0.0135468995131905 ; 1e-20)
 qmax epsboxes 31
solution([0.0110485434560398, 0.01492540112983667] ; [-0.1546796083845573, -0.1491553366565373] ; [0.02762135864009956, 0.03314563036811948] ; [-0.137270470381404, -0.1325825214724776] ; [5.551115123125782e-17, 0.006746340741162217] ; [-0.6944099284661446, -0.692175641168331] ; [-0.03314563036811937, -0.02209708691207955] ; [0.6884724985289734, 0.6913248744643621] ; [0.01017972194636038, 0.01695472403229799] ; [0, 1e-20]) psize 30 q1 30 q2 20
 time 0.3698520000000011
 nb boxes 170
 depth 64
 valid point (0.01402770830400968 ; -0.1546796083845572 ; 0.02912269738460881 ; -0.1372704703814039 ; 0.003128509841357922 ; -0.6928784515648889 ; -0.03314563036811936 ; 0.6890068981321081 ; 0.01695472403229799 ; 1e-20)
 best sol point (0.01402770830400968 ; -0.1546796083845572 ; 0.02912269738460881 ; -0.1372704703814039 ; 0.003128509841357922 ; -0.6928784515648889 ; -0.03314563036811936 ; 0.6890068981321081 ; 0.01695472403229799 ; 1e-20)
 qmax epsboxes 31
solution([0.005524271728019902, 0.007181591362960079] ; [-0.1767766952966369, -0.165728151840597] ; [0.003180905928930607, 0.01104854345603987] ; [-0.1418801428266911, -0.1325825214724776] ; [5.551115123125782e-17, 0.007856134996971555] ; [-0.6951930863470107, -0.691895715392392] ; [-0.01549456899585749, -0.009126517476350902] ; [0.6844586851181342, 0.6873866557007596] ; [0.003672314326014372, 0.01587583678552368] ; [0, 1e-20]) psize 31 q1 31 q2 21
 time 41.07239700001843
 nb boxes 22344
 depth 60
 valid point (0.005524271728019903 ; -0.165728151840597 ; 0.007840352303554045 ; -0.1355072617061268 ; 5.551115123125783e-17 ; -0.6939177700412151 ; -0.01549456899585748 ; 0.6872111844472371 ; 0.005130839679670744 ; 0)
 best sol point (0.005524271728019903 ; -0.165728151840597 ; 0.007840352303554045 ; -0.1355072617061268 ; 5.551115123125783e-17 ; -0.6939177700412151 ; -0.01549456899585748 ; 0.6872111844472371 ; 0.005130839679670744 ; 0)
 qmax epsboxes 32
solution([0.005524271728019902, 0.005833288597709439] ; [-0.171252423568617, -0.1684902877046069] ; [0.006276161009298966, 0.007865248366892989] ; [-0.1372313321495844, -0.1325825214724776] ; [5.551115123125782e-17, 0.001044229920000165] ; [-0.6948036611407278, -0.6933297163948337] ; [-0.01549456899585749, -0.01424731139090693] ; [0.6855638536268119, 0.6868274570452644] ; [0.00454209056089146, 0.005322793036147723] ; [0, 1e-20]) psize 26 q1 26 q2 22
 time 41.09435300001844
 nb boxes 22354
 depth 65
 valid point (0.005651045521327003 ; -0.1684902877046069 ; 0.007865248366892989 ; -0.1325825214724776 ; 5.560984285401325e-17 ; -0.6944947981628057 ; -0.01549456899585748 ; 0.6866032347973597 ; 0.005060843419287477 ; 0)
 best sol point (0.005651045521327003 ; -0.1684902877046069 ; 0.007865248366892989 ; -0.1325825214724776 ; 5.560984285401325e-17 ; -0.6944947981628057 ; -0.01549456899585748 ; 0.6866032347973597 ; 0.005060843419287477 ; 0)
 qmax epsboxes 32
solution([0.005524271728019902, 0.006806107971832379] ; [-0.1767766952966369, -0.1747571722549305] ; [0.003816764019706438, 0.01104854345603987] ; [-0.1266950478075237, -0.1201403287602079] ; [5.551115123125782e-17, 0.005572726187517418] ; [-0.6971718386020483, -0.6960097394357011] ; [-0.01629612960413948, -0.01129845527181789] ; [0.6839890121987635, 0.6844995851320415] ; [0.004064722858438291, 0.006837114849919713] ; [0, 1e-20]) psize 30 q1 30 q2 23
 time 127.7474430001686
 nb boxes 74230
 depth 61
 valid point (0.006291421208874065 ; -0.1767766952966368 ; 0.01104854345603987 ; -0.1201403287602079 ; 5.551115123125783e-17 ; -0.6967229540515746 ; -0.01629612960413947 ; 0.6843710004341881 ; 0.006016614365467808 ; 1e-20)
 best sol point (0.006291421208874065 ; -0.1767766952966368 ; 0.01104854345603987 ; -0.1201403287602079 ; 5.551115123125783e-17 ; -0.6967229540515746 ; -0.01629612960413947 ; 0.6843710004341881 ; 0.006016614365467808 ; 1e-20)
 qmax epsboxes 32
solution([0.005524271728019902, 0.006025902620831636] ; [-0.1767766952966369, -0.1754265299368867] ; [0.006395016957168261, 0.00743633866225853] ; [-0.1265020215044561, -0.1238025823416073] ; [5.551115123125782e-17, 0.002515506715164153] ; [-0.6960097394357012, -0.6955252791696169] ; [-0.0152232438233424, -0.01441830125461176] ; [0.6841082432710943, 0.6844543723096901] ; [0.004671385457968292, 0.00510058658520524] ; [0, 1e-20]) psize 26 q1 26 q2 24
 time 129.2124990001736
 nb boxes 74990
 depth 62
 valid point (0.005524271728019904 ; -0.1767766952966368 ; 0.00743633866225853 ; -0.124188097551183 ; 5.551115123125783e-17 ; -0.6960097394357011 ; -0.01499265528871289 ; 0.6844543723096901 ; 0.004753711648955209 ; 1e-20)
 best sol point (0.005524271728019904 ; -0.1767766952966368 ; 0.00743633866225853 ; -0.124188097551183 ; 5.551115123125783e-17 ; -0.6960097394357011 ; -0.01499265528871289 ; 0.6844543723096901 ; 0.004753711648955209 ; 1e-20)
 qmax epsboxes 32
solution([0.0110485434560398, 0.0119834415429692] ; [-0.1767766952966369, -0.1741348013304232] ; [0.01710482816519512, 0.02209708691207967] ; [-0.1252468965236876, -0.1191385356523932] ; [5.551115123125782e-17, 0.00650882086543041] ; [-0.6961114117390896, -0.6950302862337123] ; [-0.02729633896648632, -0.02376787499846734] ; [0.6835151440639058, 0.6841941946482178] ; [0.01076144176050328, 0.01401422573863887] ; [0, 1e-20]) psize 31 q1 30 q2 25
 time 136.8925680002025
 nb boxes 79168
 depth 59
 valid point (0.01147262206494913 ; -0.1767766952966368 ; 0.02209708691207967 ; -0.1215696671482906 ; 0.00227807406978676 ; -0.6961114117390895 ; -0.02729633896648631 ; 0.68397935163155 ; 0.01340068296716502 ; 0)
 best sol point (0.01147262206494913 ; -0.1767766952966368 ; 0.02209708691207967 ; -0.1215696671482906 ; 0.00227807406978676 ; -0.6961114117390895 ; -0.02729633896648631 ; 0.68397935163155 ; 0.01340068296716502 ; 0)
 qmax epsboxes 32
solution([0.01912092926638656, 0.02209708691207962] ; [-0.276817390401994, -0.2731571574154901] ; [0.03314563036811947, 0.04419417382415928] ; [-0.09618304183347324, -0.08838834764831839] ; [5.551115123125782e-17, 0.003861668645460645] ; [-0.7008497870903248, -0.6987465828574519] ; [-0.03588950220266702, -0.03199199391849537] ; [0.6489381755044852, 0.6504786058296548] ; [0.01866082146121872, 0.02691470257970723] ; [0, 1e-20]) psize 30 q1 30 q2 26
 time 8493.398002761513
 nb boxes 5002712
 depth 60
 valid point (0.01912092926638657 ; -0.2745477150561431 ; 0.03314563036811948 ; -0.08838834764831839 ; 5.551115123125783e-17 ; -0.7005188186482316 ; -0.03313117812110198 ; 0.6504786058296548 ; 0.01915242574589537 ; 1e-20)
 best sol point (0.01912092926638657 ; -0.2745477150561431 ; 0.03314563036811948 ; -0.08838834764831839 ; 5.551115123125783e-17 ; -0.7005188186482316 ; -0.03313117812110198 ; 0.6504786058296548 ; 0.01915242574589537 ; 1e-20)
 qmax epsboxes 34
solution([0.01757635434880667, 0.01888116717819033] ; [-0.2711883690973948, -0.2651650429449552] ; [0.03140811858044711, 0.03981983374242105] ; [-0.09675983831219213, -0.08838834764831839] ; [5.551115123125782e-17, 0.008909730024581833] ; [-0.7010011938297951, -0.6988538756283769] ; [-0.03509829249963503, -0.03199199391849537] ; [0.6514840051836967, 0.6548895761542818] ; [0.01806135009335381, 0.02119541927441725] ; [0, 1e-20]) psize 30 q1 30 q2 27
 time 8493.586531761549
 nb boxes 5002794
 depth 58
 valid point (0.0179079986493563 ; -0.2651650429449552 ; 0.03140811858044712 ; -0.08838834764831839 ; 0.0004111803863307678 ; -0.7006352245354166 ; -0.03199199391849537 ; 0.6544277192485564 ; 0.01806135009335382 ; 0)
 best sol point (0.0179079986493563 ; -0.2651650429449552 ; 0.03140811858044712 ; -0.08838834764831839 ; 0.0004111803863307678 ; -0.7006352245354166 ; -0.03199199391849537 ; 0.6544277192485564 ; 0.01806135009335382 ; 0)
 qmax epsboxes 34
solution([0.0110485434560398, 0.01246900052322339] ; [-0.2680180863183896, -0.2651650429449552] ; [0.01710074322273771, 0.02209708691207967] ; [-0.09256924425017445, -0.08838834764831839] ; [5.551115123125782e-17, 0.002236962825874284] ; [-0.7014946443184855, -0.7003747595086226] ; [-0.02144323127664303, -0.01885431637256091] ; [0.6536422012359878, 0.6553608184690684] ; [0.009719560818659244, 0.01193631426082696] ; [0, 1e-20]) psize 32 q1 32 q2 28
 time 8519.500840767847
 nb boxes 5017656
 depth 63
 valid point (0.01141649238306402 ; -0.2651650429449552 ; 0.01710074322273772 ; -0.08838834764831839 ; 5.572799166575493e-17 ; -0.7012720869862369 ; -0.02144323127664302 ; 0.6551049610565854 ; 0.01014523093972646 ; 1e-20)
 best sol point (0.01141649238306402 ; -0.2651650429449552 ; 0.01710074322273772 ; -0.08838834764831839 ; 5.572799166575493e-17 ; -0.7012720869862369 ; -0.02144323127664302 ; 0.6551049610565854 ; 0.01014523093972646 ; 1e-20)
 qmax epsboxes 34
solution([0.008047953825741433, 0.01067121116656447] ; [-0.2746918335148061, -0.2707002562033213] ; [0.01104854345603986, 0.01657281518405977] ; [-0.08307093958210993, -0.07557192732136777] ; [5.551115123125782e-17, 0.00549158606784396] ; [-0.7031858008151108, -0.7023352573720615] ; [-0.01906229302652534, -0.01459851001894048] ; [0.651622497181778, 0.6532870778360769] ; [0.006736819703209556, 0.009859511567759407] ; [0, 1e-20]) psize 32 q1 32 q2 29
 time 8674.267295805407
 nb boxes 5105380
 depth 62
 valid point (0.01029882782128898 ; -0.2737344499646175 ; 0.01657281518405977 ; -0.07557192732136777 ; 5.551115123125783e-17 ; -0.702813663002165 ; -0.01906229302652533 ; 0.6516224971817781 ; 0.009490444670490033 ; 1e-20)
 best sol point (0.01029882782128898 ; -0.2737344499646175 ; 0.01657281518405977 ; -0.07557192732136777 ; 5.551115123125783e-17 ; -0.702813663002165 ; -0.01906229302652533 ; 0.6516224971817781 ; 0.009490444670490033 ; 1e-20)
 qmax epsboxes 34
solution([0.00808949165845004, 0.01085203588138463] ; [-0.2651650429449553, -0.261403208011563] ; [0.0183649352241408, 0.01979014864428353] ; [-0.0883883476483184, -0.07794969396520297] ; [-0.00269323080194433, 5.551115123125783e-17] ; [-0.7028139508988524, -0.7008812972679023] ; [-0.01903932341113702, -0.01749688537344938] ; [0.6548921395683398, 0.6570549613585008] ; [0.009465027265562633, 0.01024967653908362] ; [0, 1e-20]) psize 32 q1 32 q2 30
 time 12314.63452077019
 nb boxes 7399592
 depth 59
 valid point (0.01044964486094638 ; -0.261403208011563 ; 0.01836493522414081 ; -0.08838834764831839 ; -0.0007480691024624682 ; -0.7012464385596559 ; -0.01903932341113701 ; 0.6567217405352091 ; 0.009465027265562634 ; 1e-20)
 best sol point (0.01044964486094638 ; -0.261403208011563 ; 0.01836493522414081 ; -0.08838834764831839 ; -0.0007480691024624682 ; -0.7012464385596559 ; -0.01903932341113701 ; 0.6567217405352091 ; 0.009465027265562634 ; 1e-20)
 qmax epsboxes 34
Number of branches : 30835708
time used : 48594.8949316659
 remaining small boxes  248260 max possible inliers in small boxes 34
 best sol point 0.01044964486094638 -0.261403208011563 0.01836493522414081 -0.08838834764831839 -0.0007480691024624682 -0.7012464385596559 -0.01903932341113701 0.6567217405352091 0.009465027265562634 1e-20 
 nobs 36
 nobs 36
 nb inliers 30
essential (([-0.0001698115113108561, 3.018848868915617e-05] ; [-0.0001256769190163098, 7.432308098402333e-05] ; [-0.0001073386388375805, 9.266136116244601e-05])
([-9.267562395525601e-05, 0.0001073243760448031] ; [-0.0001384261402928627, 6.157385970714516e-05] ; [-3.38591123411504e-05, 0.0001661408876593172])
([-0.0001247962420291634, 7.520375797085491e-05] ; [-3.860781249203907e-05, 0.0001613921875085439] ; [-6.164760435448825e-05, 0.0001383523956455272]))determinant [-6.279774400970587e-05, 0.0001372022559902985] time used 48594.8949316659  
 total branch number 30835708
