essential_test4.txt
 fin lecture 
 p 36
 avant lecture 
 apres lecture 
ctc2 size 36
 apres contraintes 
0.0121462  -0.149517  0.0272993  -0.138859  0.00147601  -0.69268  -0.0281015  0.690426  0.0136108  
0 0.707107
-0.707106 0.707107
-0.707106 0.707107
-0.707106 0.707107
-0.707106 0.707107
-0.707106 0.707107
-0.707106 0.707107
-0.707106 0.707107
-0.707106 0.707107
 box ([0, 0.7071067811865476] ; [-0.7071067811865475, 0.7071067811865476] ; [-0.7071067811865475, 0.7071067811865476] ; [-0.7071067811865475, 0.7071067811865476] ; [-0.7071067811865475, 0.7071067811865476] ; [-0.7071067811865475, 0.7071067811865476] ; [-0.7071067811865475, 0.7071067811865476] ; [-0.7071067811865475, 0.7071067811865476] ; [-0.7071067811865475, 0.7071067811865476])
 Q 10
 nobs 36
 nobs 36
 solution 4 24
 avant solver ([0, 0.7071067811865476] ; [-0.7071067811865475, 0.7071067811865476] ; [-0.7071067811865475, 0.7071067811865476] ; [-0.7071067811865475, 0.7071067811865476] ; [-0.7071067811865475, 0.7071067811865476] ; [-0.7071067811865475, 0.7071067811865476] ; [-0.7071067811865475, 0.7071067811865476] ; [-0.7071067811865475, 0.7071067811865476] ; [-0.7071067811865475, 0.7071067811865476])
 nb inliers 36
 apres solver 
box init ([0, 0.7071067811865476] ; [-0.7071067811865475, 0.7071067811865476] ; [-0.7071067811865475, 0.7071067811865476] ; [-0.7071067811865475, 0.7071067811865476] ; [-0.7071067811865475, 0.7071067811865476] ; [-0.7071067811865475, 0.7071067811865476] ; [-0.7071067811865475, 0.7071067811865476] ; [-0.7071067811865475, 0.7071067811865476] ; [-0.7071067811865475, 0.7071067811865476])
essential (([-8.83893476483185, 9.192488155425125] ; [-9.192488155425123, 9.192488155425125] ; [-9.192488155425123, 9.192488155425125])
([-9.546041546018398, 9.546041546018398] ; [-9.546041546018398, 9.546041546018398] ; [-9.546041546018398, 9.546041546018398])
([-9.546041546018398, 9.546041546018398] ; [-9.546041546018398, 9.546041546018398] ; [-9.546041546018398, 9.546041546018398]))
 box apres essential  ([0, 0.7071067811865476] ; [-0.7071067811865475, 0.7071067811865476] ; [-0.7071067811865475, 0.7071067811865476] ; [-0.7071067811865475, 0.7071067811865476] ; [-0.7071067811865475, 0.7071067811865476] ; [-0.7071067811865475, 0.7071067811865476] ; [-0.7071067811865475, 0.7071067811865476] ; [-0.7071067811865475, 0.7071067811865476] ; [-0.7071067811865475, 0.7071067811865476])
 box apres ctcnorm  ([0, 0.7071067811865476] ; [-0.7071067811865475, 0.7071067811865476] ; [-0.7071067811865475, 0.7071067811865476] ; [-0.7071067811865475, 0.7071067811865476] ; [-0.7071067811865475, 0.7071067811865476] ; [-0.7071067811865475, 0.7071067811865476] ; [-0.7071067811865475, 0.7071067811865476] ; [-0.7071067811865475, 0.7071067811865476] ; [-0.7071067811865475, 0.7071067811865476])
essential apres contract (([-8.83893476483185, 9.192488155425125] ; [-9.192488155425123, 9.192488155425125] ; [-9.192488155425123, 9.192488155425125])
([-9.546041546018398, 9.546041546018398] ; [-9.546041546018398, 9.546041546018398] ; [-9.546041546018398, 9.546041546018398])
([-9.546041546018398, 9.546041546018398] ; [-9.546041546018398, 9.546041546018398] ; [-9.546041546018398, 9.546041546018398]))
determinant [-2.121420343559644, 2.121420343559644] point size 36
solution([0.0110485434560398, 0.01242961138804479] ; [-0.1546796083845573, -0.1436310649285174] ; [0.02209708691207966, 0.02762135864009957] ; [-0.1433639980886633, -0.1325825214724776] ; [5.551115123125782e-17, 0.007083060662391893] ; [-0.694754011552958, -0.6911263420866086] ; [-0.03314563036811937, -0.02209708691207955] ; [0.6884219950674963, 0.6925101265314044] ; [0.009742433226167759, 0.0168471646658682]) psize 31 q1 31 q2 14
 time 0.1213700000000002
 nb boxes 116
 depth 59
 valid point (0.01104854345603981 ; -0.1436310649285174 ; 0.02762135864009957 ; -0.1325825214724776 ; 0.001455215847040959 ; -0.693912269458619 ; -0.02507925975480924 ; 0.6917987131323178 ; 0.01250745550287828)
 best sol point (0.01104854345603981 ; -0.1436310649285174 ; 0.02762135864009957 ; -0.1325825214724776 ; 0.001455215847040959 ; -0.693912269458619 ; -0.02507925975480924 ; 0.6917987131323178 ; 0.01250745550287828)
solution([0.0110485434560398, 0.01242961138804479] ; [-0.1546796083845573, -0.1491553366565373] ; [0.02209708691207966, 0.02762135864009957] ; [-0.1433639980886633, -0.1355174964269932] ; [5.551115123125782e-17, 0.003027237054031643] ; [-0.6929459297199323, -0.691370638010433] ; [-0.03314563036811937, -0.02762135864009945] ; [0.688653522638971, 0.690965486646335] ; [0.01048102923956783, 0.01361132792055536]) psize 31 q1 31 q2 19
 time 0.1317340000000003
 nb boxes 124
 depth 63
 valid point (0.01157060101553788 ; -0.1491553366565373 ; 0.02477653078090564 ; -0.1404566577200364 ; 0.00205524957714172 ; -0.6924440791872461 ; -0.02762135864009945 ; 0.6905249636531037 ; 0.01361132792055536)
 best sol point (0.01157060101553788 ; -0.1491553366565373 ; 0.02477653078090564 ; -0.1404566577200364 ; 0.00205524957714172 ; -0.6924440791872461 ; -0.02762135864009945 ; 0.6905249636531037 ; 0.01361132792055536)
solution([0.0110485434560398, 0.01242961138804479] ; [-0.1543395924670877, -0.1491553366565373] ; [0.02209708691207966, 0.02762135864009957] ; [-0.1433639980886633, -0.1355578030030467] ; [5.551115123125782e-17, 0.002989261347069458] ; [-0.6929459297199323, -0.6913760001072457] ; [-0.03314563036811937, -0.02762135864009945] ; [0.689809504642653, 0.6909601178198325] ; [0.01051394023728335, 0.01361132792055536]) psize 31 q1 31 q2 20
 time 0.1401680000000004
 nb boxes 126
 depth 64
 valid point (0.01144127834063227 ; -0.1523883598887093 ; 0.02394412767775258 ; -0.1381322226439512 ; 0.002232495273548026 ; -0.6929459297199322 ; -0.02762135864009945 ; 0.6898095046426531 ; 0.01361132792055536)
 best sol point (0.01144127834063227 ; -0.1523883598887093 ; 0.02394412767775258 ; -0.1381322226439512 ; 0.002232495273548026 ; -0.6929459297199322 ; -0.02762135864009945 ; 0.6898095046426531 ; 0.01361132792055536)
solution([0.01192667162405249, 0.01242961138804479] ; [-0.1546796083845573, -0.1535928166111668] ; [0.02485922277608961, 0.0262402907080946] ; [-0.140343068078706, -0.1393360914087201] ; [0.002136429338610068, 0.003282236294784638] ; [-0.6929459297199323, -0.6920803984955018] ; [-0.02983423815861142, -0.02872779839935543] ; [0.6888665535566707, 0.6897829361192897] ; [0.01486834235872844, 0.01606773955024916]) psize 31 q1 31 q2 21
 time 5.180315000000255
 nb boxes 2700
 depth 75
 valid point (0.01242961138804479 ; -0.1535928166111668 ; 0.0262402907080946 ; -0.1393360914087201 ; 0.002504154037535855 ; -0.6926002541106166 ; -0.02958036606317744 ; 0.6895276156912047 ; 0.01486834235872845)
 best sol point (0.01242961138804479 ; -0.1535928166111668 ; 0.0262402907080946 ; -0.1393360914087201 ; 0.002504154037535855 ; -0.6926002541106166 ; -0.02958036606317744 ; 0.6895276156912047 ; 0.01486834235872845)
solution([0.0110485434560398, 0.01236764947659335] ; [-0.1546796083845573, -0.1524331639160434] ; [0.02209708691207966, 0.02485922277608962] ; [-0.1346112385314865, -0.1325825214724776] ; [0.001496998743272065, 0.002993438034990057] ; [-0.69445414857905, -0.6932943878189598] ; [-0.03038349450410942, -0.02762135864009945] ; [0.6888434558318435, 0.6898042824027606] ; [0.01205261432547052, 0.01360454965757416]) psize 31 q1 31 q2 22
 time 16.74866900000223
 nb boxes 8120
 depth 71
 valid point (0.01142720879285724 ; -0.1546796083845572 ; 0.02485922277608962 ; -0.1325825214724776 ; 0.00209211358313124 ; -0.6939963705192115 ; -0.02762135864009945 ; 0.6893822705259789 ; 0.01360454965757416)
 best sol point (0.01142720879285724 ; -0.1546796083845572 ; 0.02485922277608962 ; -0.1325825214724776 ; 0.00209211358313124 ; -0.6939963705192115 ; -0.02762135864009945 ; 0.6893822705259789 ; 0.01360454965757416)
solution([0.01157467215743008, 0.01242961138804479] ; [-0.169864757289669, -0.1678745925612273] ; [0.02209708691207966, 0.02325550652404143] ; [-0.1463932007925274, -0.1436310649285174] ; [0.000458003164876091, 0.001409494602846752] ; [-0.6921828878649972, -0.69099046891638] ; [-0.02748017146717502, -0.02647755253609265] ; [0.6860625414186125, 0.6865553746474917] ; [0.01283458498441401, 0.01383742126950091]) psize 31 q1 31 q2 23
 time 13966.77852659241
 nb boxes 6616432
 depth 72
 valid point (0.01187369531298356 ; -0.1678745925612273 ; 0.02209708691207967 ; -0.1436310649285174 ; 0.001409494602846752 ; -0.6918941205198723 ; -0.02748017146717501 ; 0.6862943355363512 ; 0.01328919215526987)
 best sol point (0.01187369531298356 ; -0.1678745925612273 ; 0.02209708691207967 ; -0.1436310649285174 ; 0.001409494602846752 ; -0.6918941205198723 ; -0.02748017146717501 ; 0.6862943355363512 ; 0.01328919215526987)
solution([0.01190627046641724, 0.01242961138804479] ; [-0.1767766952966369, -0.1757416104720894] ; [0.02209708691207966, 0.02384449681966542] ; [-0.1394878611325025, -0.1381067932004975] ; [0.001379905585738982, 0.002588321307813604] ; [-0.6933080621888968, -0.6924032671261209] ; [-0.02850433518124409, -0.02706334327507092] ; [0.6836406932768309, 0.6845388525515272] ; [0.01299582677071097, 0.01426301393894639]) psize 31 q1 31 q2 24
 time 14165.11120162912
 nb boxes 6708794
 depth 72
 valid point (0.01196596106609057 ; -0.1767766952966368 ; 0.02209708691207967 ; -0.1381067932004975 ; 0.001379905585738983 ; -0.6930449938002403 ; -0.02706334327507092 ; 0.6839096006488528 ; 0.01307335522564304)
 best sol point (0.01196596106609057 ; -0.1767766952966368 ; 0.02209708691207967 ; -0.1381067932004975 ; 0.001379905585738983 ; -0.6930449938002403 ; -0.02706334327507092 ; 0.6839096006488528 ; 0.01307335522564304)
solution([0.01164780483775472, 0.01224590009240692] ; [-0.1767766952966369, -0.1746392225277881] ; [0.02071601898007469, 0.02209708691207967] ; [-0.134518569762104, -0.1325825214724776] ; [0.001175912775112972, 0.003087500369150678] ; [-0.6944384794940692, -0.6934288988123138] ; [-0.02929196155525371, -0.02814563753456866] ; [0.6835916644778047, 0.6845892458026286] ; [0.01337925800504965, 0.01539415651870205]) psize 31 q1 31 q2 25
 time 27555.37479305327
 nb boxes 12942622
 depth 71
 valid point (0.01205028622452728 ; -0.1767766952966368 ; 0.02209708691207967 ; -0.1325825214724776 ; 0.001529664485235248 ; -0.6940935458005947 ; -0.02814563753456866 ; 0.6840208614476549 ; 0.01337925800504966)
 best sol point (0.01205028622452728 ; -0.1767766952966368 ; 0.02209708691207967 ; -0.1325825214724776 ; 0.001529664485235248 ; -0.6940935458005947 ; -0.02814563753456866 ; 0.6840208614476549 ; 0.01337925800504966)
time limit 50000s. reached 
 max possible inliers in open nodes 36
Number of branches : 23674878
time used : 50000.00071310002
 remaining small boxes  11658792 max possible inliers in small boxes 31
 best sol point 0.01205028622452728 -0.1767766952966368 0.02209708691207967 -0.1325825214724776 0.001529664485235248 -0.6940935458005947 -0.02814563753456866 0.6840208614476549 0.01337925800504966 
ctc2 size 36
 nobs 36
 nobs 36
 nb inliers 36
essential (([-1.147464979437694e-05, 0.0001885253502056379] ; [-0.0001150420110113792, 8.495798898889842e-05] ; [-0.0001422190488343256, 5.7780951165704e-05])
([-7.619900849765642e-05, 0.0001238009915024618] ; [-0.000186899744196802, 1.310025580320589e-05] ; [-1.422455016450602e-05, 0.0001857754498361109])
([-6.420584404517975e-05, 0.0001357941559548513] ; [-1.22781071595953e-05, 0.0001877218928411334] ; [-2.169351518476204e-05, 0.0001783064848152593]))determinant [-0.0001486349903726183, 5.136500962738571e-05] time used 50000.00071310002  
 total branch number 23674878
