essential_test4.txt
 fin lecture 
 p 36
 avant lecture 
 apres lecture 
ctc2 size 36
 apres contraintes 
0.0121462  -0.149517  0.0272993  -0.138859  0.00147601  -0.69268  -0.0281015  0.690426  0.0136108  
0 0.707107
-0.707106 0.707107
-0.707106 0.707107
-0.707106 0.707107
-0.707106 0.707107
-0.707106 0.707107
-0.707106 0.707107
-0.707106 0.707107
-0.707106 0.707107
 box ([0, 0.7071067811865476] ; [-0.7071067811865475, 0.7071067811865476] ; [-0.7071067811865475, 0.7071067811865476] ; [-0.7071067811865475, 0.7071067811865476] ; [-0.7071067811865475, 0.7071067811865476] ; [-0.7071067811865475, 0.7071067811865476] ; [-0.7071067811865475, 0.7071067811865476] ; [-0.7071067811865475, 0.7071067811865476] ; [-0.7071067811865475, 0.7071067811865476])
 Q 10
 nobs 36
 nobs 36
 solution 4 24
 avant solver ([0, 0.7071067811865476] ; [-0.7071067811865475, 0.7071067811865476] ; [-0.7071067811865475, 0.7071067811865476] ; [-0.7071067811865475, 0.7071067811865476] ; [-0.7071067811865475, 0.7071067811865476] ; [-0.7071067811865475, 0.7071067811865476] ; [-0.7071067811865475, 0.7071067811865476] ; [-0.7071067811865475, 0.7071067811865476] ; [-0.7071067811865475, 0.7071067811865476])
 nb inliers 36
 apres solver 
box init ([0, 0.7071067811865476] ; [-0.7071067811865475, 0.7071067811865476] ; [-0.7071067811865475, 0.7071067811865476] ; [-0.7071067811865475, 0.7071067811865476] ; [-0.7071067811865475, 0.7071067811865476] ; [-0.7071067811865475, 0.7071067811865476] ; [-0.7071067811865475, 0.7071067811865476] ; [-0.7071067811865475, 0.7071067811865476] ; [-0.7071067811865475, 0.7071067811865476])
essential (([-8.83893476483185, 9.192488155425125] ; [-9.192488155425123, 9.192488155425125] ; [-9.192488155425123, 9.192488155425125])
([-9.546041546018398, 9.546041546018398] ; [-9.546041546018398, 9.546041546018398] ; [-9.546041546018398, 9.546041546018398])
([-9.546041546018398, 9.546041546018398] ; [-9.546041546018398, 9.546041546018398] ; [-9.546041546018398, 9.546041546018398]))
 box apres essential  ([0, 0.7071067811865476] ; [-0.7071067811865475, 0.7071067811865476] ; [-0.7071067811865475, 0.7071067811865476] ; [-0.7071067811865475, 0.7071067811865476] ; [-0.7071067811865475, 0.7071067811865476] ; [-0.7071067811865475, 0.7071067811865476] ; [-0.7071067811865475, 0.7071067811865476] ; [-0.7071067811865475, 0.7071067811865476] ; [-0.7071067811865475, 0.7071067811865476])
 box apres ctcnorm  ([0, 0.7071067811865476] ; [-0.7071067811865475, 0.7071067811865476] ; [-0.7071067811865475, 0.7071067811865476] ; [-0.7071067811865475, 0.7071067811865476] ; [-0.7071067811865475, 0.7071067811865476] ; [-0.7071067811865475, 0.7071067811865476] ; [-0.7071067811865475, 0.7071067811865476] ; [-0.7071067811865475, 0.7071067811865476] ; [-0.7071067811865475, 0.7071067811865476])
essential apres contract (([-8.83893476483185, 9.192488155425125] ; [-9.192488155425123, 9.192488155425125] ; [-9.192488155425123, 9.192488155425125])
([-9.546041546018398, 9.546041546018398] ; [-9.546041546018398, 9.546041546018398] ; [-9.546041546018398, 9.546041546018398])
([-9.546041546018398, 9.546041546018398] ; [-9.546041546018398, 9.546041546018398] ; [-9.546041546018398, 9.546041546018398]))
determinant [-2.121420343559644, 2.121420343559644] point size 36
solution([0.0110485434560398, 0.01381067932004976] ; [-0.1546796083845573, -0.1436310649285174] ; [0.02209708691207966, 0.03314563036811948] ; [-0.1433639980886633, -0.1325825214724776] ; [5.551115123125782e-17, 0.007359023435283826] ; [-0.6948840618051553, -0.6907691144408254] ; [-0.03314563036811937, -0.02209708691207955] ; [0.688244098028546, 0.6926809368284145] ; [0.009438412007246344, 0.01682109806167615]) psize 31 q1 31 q2 2
 time 0.1200670000000003
 nb boxes 112
 depth 57
 valid point (0.01196210790302884 ; -0.1447706299084932 ; 0.03314563036811948 ; -0.1325825214724776 ; 0.004647331873193047 ; -0.6935949592846091 ; -0.02384822770143018 ; 0.6915637850848602 ; 0.01682109806167615)
 best sol point (0.01196210790302884 ; -0.1447706299084932 ; 0.03314563036811948 ; -0.1325825214724776 ; 0.004647331873193047 ; -0.6935949592846091 ; -0.02384822770143018 ; 0.6915637850848602 ; 0.01682109806167615)
solution([0.0110485434560398, 0.01381067932004976] ; [-0.1546796083845573, -0.1436310649285174] ; [0.02209708691207966, 0.02762135864009957] ; [-0.1433639980886633, -0.1325825214724776] ; [5.551115123125782e-17, 0.007119817849569087] ; [-0.6947855602391003, -0.6910922460100477] ; [-0.03314563036811937, -0.02209708691207955] ; [0.6883534923273118, 0.6925459088215746] ; [0.009680403951805794, 0.01682109806167615]) psize 31 q1 31 q2 3
 time 0.1227210000000003
 nb boxes 114
 depth 58
 valid point (0.01105995056833997 ; -0.1436310649285174 ; 0.02762135864009957 ; -0.1325825214724776 ; 5.551115123125783e-17 ; -0.6939222119715573 ; -0.02552416307220453 ; 0.6918127851577743 ; 0.01103931364304433)
 best sol point (0.01105995056833997 ; -0.1436310649285174 ; 0.02762135864009957 ; -0.1325825214724776 ; 5.551115123125783e-17 ; -0.6939222119715573 ; -0.02552416307220453 ; 0.6918127851577743 ; 0.01103931364304433)
solution([0.0110485434560398, 0.01381067932004976] ; [-0.1546796083845573, -0.1491553366565373] ; [0.02209708691207966, 0.02762135864009957] ; [-0.1433639980886633, -0.1325825214724776] ; [5.551115123125782e-17, 0.006315081405189044] ; [-0.6946319095718188, -0.6912483065029011] ; [-0.03314563036811937, -0.02762135864009945] ; [0.6884814654773384, 0.6910585950521259] ; [0.01032790244456312, 0.01682109806167615]) psize 31 q1 31 q2 17
 time 0.1279210000000003
 nb boxes 118
 depth 60
 valid point (0.01377071615068333 ; -0.1503394293502342 ; 0.02762135864009957 ; -0.1433639980886632 ; 0.003204102247701981 ; -0.6917149955017327 ; -0.03314563036811936 ; 0.6899677994795004 ; 0.01682109806167615)
 best sol point (0.01377071615068333 ; -0.1503394293502342 ; 0.02762135864009957 ; -0.1433639980886632 ; 0.003204102247701981 ; -0.6917149955017327 ; -0.03314563036811936 ; 0.6899677994795004 ; 0.01682109806167615)
solution([0.0110485434560398, 0.01381067932004976] ; [-0.1546796083845573, -0.1491553366565373] ; [0.02209708691207966, 0.02762135864009957] ; [-0.1433639980886633, -0.1379732597805704] ; [5.551115123125782e-17, 0.006046124136144199] ; [-0.6935502590223784, -0.6912619462104646] ; [-0.03314563036811937, -0.02762135864009945] ; [0.6885266099547776, 0.6910174815467044] ; [0.0105815299550023, 0.01682109806167615]) psize 31 q1 31 q2 18
 time 0.1306880000000004
 nb boxes 120
 depth 61
 valid point (0.01108451711219279 ; -0.1491553366565373 ; 0.02209708691207967 ; -0.1433639980886632 ; 0.002835369177615709 ; -0.6919621217100324 ; -0.02762135864009945 ; 0.6905158395574518 ; 0.01391953052788897)
 best sol point (0.01108451711219279 ; -0.1491553366565373 ; 0.02209708691207967 ; -0.1433639980886632 ; 0.002835369177615709 ; -0.6919621217100324 ; -0.02762135864009945 ; 0.6905158395574518 ; 0.01391953052788897)
solution([0.0110485434560398, 0.01381067932004976] ; [-0.1546796083845573, -0.1491553366565373] ; [0.02209708691207966, 0.02762135864009957] ; [-0.1433639980886633, -0.1379732597805704] ; [5.551115123125782e-17, 0.00300062798075095] ; [-0.6934959759316394, -0.6913528925958418] ; [-0.03314563036811937, -0.02762135864009945] ; [0.6886111972598094, 0.6909720012132104] ; [0.01059911608970989, 0.01370131400833923]) psize 31 q1 31 q2 19
 time 0.1349260000000004
 nb boxes 122
 depth 62
 valid point (0.01141362104643286 ; -0.1546796083845572 ; 0.02209708691207967 ; -0.1433639980886632 ; 0.002364317419429688 ; -0.6919753910305801 ; -0.02762135864009945 ; 0.6893001894453786 ; 0.01370131400833923)
 best sol point (0.01141362104643286 ; -0.1546796083845572 ; 0.02209708691207967 ; -0.1433639980886632 ; 0.002364317419429688 ; -0.6919753910305801 ; -0.02762135864009945 ; 0.6893001894453786 ; 0.01370131400833923)
solution([0.01131625443584731, 0.01381067932004976] ; [-0.1546796083845573, -0.1491553366565373] ; [0.02485922277608961, 0.02762135864009957] ; [-0.1433639980886633, -0.1379732597805704] ; [5.551115123125782e-17, 0.003009422334438036] ; [-0.6933584993912616, -0.6913145416436033] ; [-0.03314563036811937, -0.02762135864009945] ; [0.6886124826611581, 0.6909288421159602] ; [0.01370131400833922, 0.01682109806167615]) psize 31 q1 31 q2 20
 time 0.2191520000000006
 nb boxes 156
 depth 64
 valid point (0.01140613223218122 ; -0.1491553366565373 ; 0.02485922277608962 ; -0.1379732597805704 ; 0.002182611819953792 ; -0.6929052707077303 ; -0.02762135864009945 ; 0.6905166015420237 ; 0.01370131400833923)
 best sol point (0.01140613223218122 ; -0.1491553366565373 ; 0.02485922277608962 ; -0.1379732597805704 ; 0.002182611819953792 ; -0.6929052707077303 ; -0.02762135864009945 ; 0.6905166015420237 ; 0.01370131400833923)
solution([0.0110485434560398, 0.01307166599908368] ; [-0.1546796083845573, -0.1491553366565373] ; [0.02209708691207966, 0.02762135864009957] ; [-0.1379732597805705, -0.1325825214724776] ; [5.551115123125782e-17, 0.003121287090878399] ; [-0.694543690612865, -0.6924627937358913] ; [-0.03038349450410942, -0.02762135864009945] ; [0.6887636792195528, 0.6909514564410642] ; [0.01036117753293506, 0.01358528177448992]) psize 31 q1 31 q2 22
 time 0.3612630000000012
 nb boxes 218
 depth 63
 valid point (0.01126687510262548 ; -0.1491553366565373 ; 0.02515756118759892 ; -0.1325825214724776 ; 0.002355601496551363 ; -0.6939939291863088 ; -0.02762135864009945 ; 0.6905280173010005 ; 0.01358528177448992)
 best sol point (0.01126687510262548 ; -0.1491553366565373 ; 0.02515756118759892 ; -0.1325825214724776 ; 0.002355601496551363 ; -0.6939939291863088 ; -0.02762135864009945 ; 0.6905280173010005 ; 0.01358528177448992)
solution([0.01192161380035954, 0.01381067932004976] ; [-0.1767766952966369, -0.1712524235686169] ; [0.02485922277608961, 0.02762135864009957] ; [-0.1381067932004976, -0.1325825214724776] ; [5.551115123125782e-17, 0.002011230840025043] ; [-0.6943582089773994, -0.6924816631155061] ; [-0.03202959963806231, -0.02706334327507092] ; [0.6834248529068551, 0.6857544088964799] ; [0.01180118154913387, 0.01389418661013577]) psize 31 q1 31 q2 23
 time 111.1776360001003
 nb boxes 51718
 depth 63
 valid point (0.01217158451893144 ; -0.1712524235686169 ; 0.02485922277608962 ; -0.1325825214724776 ; 0.001499224786330769 ; -0.6940049369958769 ; -0.02706334327507092 ; 0.6853941680915606 ; 0.0135451650119283)
 best sol point (0.01217158451893144 ; -0.1712524235686169 ; 0.02485922277608962 ; -0.1325825214724776 ; 0.001499224786330769 ; -0.6940049369958769 ; -0.02706334327507092 ; 0.6853941680915606 ; 0.0135451650119283)
solution([0.0110485434560398, 0.01144934079757611] ; [-0.1742196268226796, -0.1716625583487222] ; [0.01986481730515718, 0.02209708691207967] ; [-0.1187718421524279, -0.1160097062884179] ; [0.002178905661331267, 0.00511391029455538] ; [-0.6974109287503057, -0.6962677682435066] ; [-0.02703091600657842, -0.02549246058443939] ; [0.6843202994497463, 0.6856255373398897] ; [0.01315212473023088, 0.0162352426517676]) psize 31 q1 31 q2 24
 time 226.2883970004125
 nb boxes 105690
 depth 62
 valid point (0.01112376766888149 ; -0.1742196268226795 ; 0.02209708691207967 ; -0.1187718421524278 ; 0.002403508704133673 ; -0.6966135477250179 ; -0.02703091600657841 ; 0.684600468924872 ; 0.01315212473023089)
 best sol point (0.01112376766888149 ; -0.1742196268226795 ; 0.02209708691207967 ; -0.1187718421524278 ; 0.002403508704133673 ; -0.6966135477250179 ; -0.02703091600657841 ; 0.684600468924872 ; 0.01315212473023089)
solution([0.0110485434560398, 0.0114351016119773] ; [-0.1716625583487223, -0.1665484214008075] ; [0.01996736519867189, 0.02209708691207967] ; [-0.1215339780164379, -0.1163734855405699] ; [0.002080696131012561, 0.005022475275530344] ; [-0.6973572430787194, -0.6957736681053572] ; [-0.02703091600657842, -0.02551193897522412] ; [0.6849441550544458, 0.6868879704682045] ; [0.01307688719138539, 0.01616753528355056]) psize 31 q1 31 q2 25
 time 226.3289370004127
 nb boxes 105710
 depth 60
 valid point (0.01126155796148303 ; -0.1716625583487222 ; 0.02209708691207967 ; -0.1215339780164378 ; 0.00218295923587385 ; -0.6961276743922844 ; -0.02703091600657841 ; 0.6853293911365229 ; 0.0130768871913854)
 best sol point (0.01126155796148303 ; -0.1716625583487222 ; 0.02209708691207967 ; -0.1215339780164378 ; 0.00218295923587385 ; -0.6961276743922844 ; -0.02703091600657841 ; 0.6853293911365229 ; 0.0130768871913854)
solution([0.02766294595876089, 0.02830073322653863] ; [-0.3496105459280273, -0.3469493901961318] ; [0.03866990209613938, 0.04419417382415928] ; [-0.01657281518405966, -0.01104854345603975] ; [5.551115123125782e-17, 0.004777174662830501] ; [-0.7057572389910031, -0.7048025203129071] ; [-0.04892001701165166, -0.04776758073185334] ; [0.6118524498420516, 0.6133231999877785] ; [0.02385121092713732, 0.02813195751173379]) psize 32 q1 32 q2 26
 time 310.2521890012301
 nb boxes 185522
 depth 57
 valid point (0.02830073322653863 ; -0.3474578547783316 ; 0.04419417382415928 ; -0.01104854345603975 ; 0.001769054349432482 ; -0.7050732027341686 ; -0.04840503417320457 ; 0.6132718813836254 ; 0.02813195751173379)
 best sol point (0.02830073322653863 ; -0.3474578547783316 ; 0.04419417382415928 ; -0.01104854345603975 ; 0.001769054349432482 ; -0.7050732027341686 ; -0.04840503417320457 ; 0.6132718813836254 ; 0.02813195751173379)
solution([0.009667857637110956, 0.01104854345603981] ; [-0.2686389395796945, -0.2651650429449552] ; [0.01381067932004981, 0.01657281518405977] ; [-0.09115048351232836, -0.08838834764831839] ; [5.551115123125782e-17, 0.001925060834774143] ; [-0.7015787928010965, -0.7007415555595111] ; [-0.02219297711408709, -0.01887649144191339] ; [0.6534223429031545, 0.6553780412035389] ; [0.00833275262500507, 0.01041481288672161]) psize 33 q1 33 q2 27
 time 323.1321290013439
 nb boxes 194732
 depth 62
 valid point (0.01104854345603981 ; -0.2651650429449552 ; 0.01657281518405977 ; -0.08838834764831839 ; 5.551115123125783e-17 ; -0.7013091583616839 ; -0.02116753229883158 ; 0.6549801789713868 ; 0.01004194060395369)
 best sol point (0.01104854345603981 ; -0.2651650429449552 ; 0.01657281518405977 ; -0.08838834764831839 ; 5.551115123125783e-17 ; -0.7013091583616839 ; -0.02116753229883158 ; 0.6549801789713868 ; 0.01004194060395369)
Number of branches : 9599348
time used : 9425.831756553975
 remaining small boxes  55261 max possible inliers in small boxes 36
 best sol point 0.01104854345603981 -0.2651650429449552 0.01657281518405977 -0.08838834764831839 5.551115123125783e-17 -0.7013091583616839 -0.02116753229883158 0.6549801789713868 0.01004194060395369 
ctc2 size 36
 nobs 36
 nobs 36
 nb inliers 36
essential (([-2.248650424365853e-06, 0.0001977513495756507] ; [-5.903817002684822e-05, 0.0001409618299735404] ; [-0.0001450953070609074, 5.490469293911918e-05])
([-0.0001055400925028801, 9.445990749718896e-05] ; [-0.000192764129846169, 7.235870153838884e-06] ; [-0.0001935823475292367, 6.417652471308661e-06])
([-4.44920671443954e-05, 0.0001555079328556272] ; [-0.0001843045021086398, 1.569549789202643e-05] ; [-1.918700973027812e-05, 0.00018081299026974]))determinant [-0.0001560947891561086, 4.390521084389754e-05] time used 9425.831756553975  
 total branch number 9599348
