essential_test4.txt
 fin lecture 
 p 36
 avant lecture 
 apres lecture 
0.00106429
-0.638571
0.00106429
-0.424649
 apres contraintes 
 box ([0, 0.7071067811865476] ; [-0.7071067811865475, 0.7071067811865476] ; [-0.7071067811865475, 0.7071067811865476] ; [-0.7071067811865475, 0.7071067811865476] ; [-0.7071067811865475, 0.7071067811865476] ; [-0.7071067811865475, 0.7071067811865476] ; [-0.7071067811865475, 0.7071067811865476] ; [-0.7071067811865475, 0.7071067811865476] ; [-0.7071067811865475, 0.7071067811865476])
 Q 10
 solution ransac 0
 avant solver 
 nb inliers 36
 apres solver 
 oracle (0.0212236 ; -0.4939787999999999 ; 0.04200220000000001 ; 0.1820916 ; -0.0056804 ; -0.6818421 ; -0.0376943 ; 0.5039347 ; 0.0173491)
box init ([0, 0.7071067811865476] ; [-0.7071067811865475, 0.7071067811865476] ; [-0.7071067811865475, 0.7071067811865476] ; [-0.7071067811865475, 0.7071067811865476] ; [-0.7071067811865475, 0.7071067811865476] ; [-0.7071067811865475, 0.7071067811865476] ; [-0.7071067811865475, 0.7071067811865476] ; [-0.7071067811865475, 0.7071067811865476] ; [-0.7071067811865475, 0.7071067811865476])
essential (([-8.83893476483185, 9.192488155425125] ; [-9.192488155425123, 9.192488155425125] ; [-9.192488155425123, 9.192488155425125])
([-9.546041546018398, 9.546041546018398] ; [-9.546041546018398, 9.546041546018398] ; [-9.546041546018398, 9.546041546018398])
([-9.546041546018398, 9.546041546018398] ; [-9.546041546018398, 9.546041546018398] ; [-9.546041546018398, 9.546041546018398]))
 box apres essential  ([0, 0.7071067811865476] ; [-0.7071067811865475, 0.7071067811865476] ; [-0.7071067811865475, 0.7071067811865476] ; [-0.7071067811865475, 0.7071067811865476] ; [-0.7071067811865475, 0.7071067811865476] ; [-0.7071067811865475, 0.7071067811865476] ; [-0.7071067811865475, 0.7071067811865476] ; [-0.7071067811865475, 0.7071067811865476] ; [-0.7071067811865475, 0.7071067811865476])
 box apres ctcnorm  ([0, 0.7071067811865476] ; [-0.7071067811865475, 0.7071067811865476] ; [-0.7071067811865475, 0.7071067811865476] ; [-0.7071067811865475, 0.7071067811865476] ; [-0.7071067811865475, 0.7071067811865476] ; [-0.7071067811865475, 0.7071067811865476] ; [-0.7071067811865475, 0.7071067811865476] ; [-0.7071067811865475, 0.7071067811865476] ; [-0.7071067811865475, 0.7071067811865476])
essential apres contract (([-8.83893476483185, 9.192488155425125] ; [-9.192488155425123, 9.192488155425125] ; [-9.192488155425123, 9.192488155425125])
([-9.546041546018398, 9.546041546018398] ; [-9.546041546018398, 9.546041546018398] ; [-9.546041546018398, 9.546041546018398])
([-9.546041546018398, 9.546041546018398] ; [-9.546041546018398, 9.546041546018398] ; [-9.546041546018398, 9.546041546018398]))
determinant [-2.121420343559644, 2.121420343559644] point size 36
solution([0.01933495104806966, 0.02209708691207962] ; [-0.4967726481948452, -0.4907639136158905] ; [0.03866990209613938, 0.04419417382415928] ; [0.1767766952966369, 0.1878252387526768] ; [-0.00954062771661232, 5.551115123125783e-17] ; [-0.6836970705950152, -0.6797009611781262] ; [-0.03866990209613927, -0.03333435308171133] ; [0.5007025572003211, 0.506596896795214] ; [0.0165433937598644, 0.02321353839949005]) psize 28 qposs 23 qvalid 5
 time 0.1211050000000002
 nb boxes 102
 depth 52
 valid point (0.01933495104806967 ; -0.4967726481948451 ; 0.03965439588284843 ; 0.1878252387526768 ; -0.005316778893142517 ; -0.680404001561421 ; -0.03511316756717375 ; 0.5014382399040376 ; 0.01654339375986441)
 best sol point (0.01933495104806967 ; -0.4967726481948451 ; 0.03965439588284843 ; 0.1878252387526768 ; -0.005316778893142517 ; -0.680404001561421 ; -0.03511316756717375 ; 0.5014382399040376 ; 0.01654339375986441)
 qmax epsboxes 0
solution([0.01933495104806966, 0.02209708691207962] ; [-0.4967726481948452, -0.4937913148389022] ; [0.03866990209613938, 0.04419417382415928] ; [0.1767766952966369, 0.1878252387526768] ; [-0.009181090848041524, -0.004621646214839581] ; [-0.6836549168819407, -0.6798043741420094] ; [-0.03866990209613927, -0.0360021275889253] ; [0.5007639802212345, 0.5046375690029065] ; [0.0165433937598644, 0.02290503387555506]) psize 19 qposs 19 qvalid 7
 time 0.1288010000000002
 nb boxes 108
 depth 55
 valid point (0.01933495104806967 ; -0.4967726481948451 ; 0.04419417382415928 ; 0.1844573381800247 ; -0.004621646214839581 ; -0.680841319545052 ; -0.03741239704916876 ; 0.5013484793655297 ; 0.02172981061726074)
 best sol point (0.01933495104806967 ; -0.4967726481948451 ; 0.04419417382415928 ; 0.1844573381800247 ; -0.004621646214839581 ; -0.680841319545052 ; -0.03741239704916876 ; 0.5013484793655297 ; 0.02172981061726074)
 qmax epsboxes 0
solution([0.01933495104806966, 0.02209708691207962] ; [-0.4967726481948452, -0.4937913148389022] ; [0.03866990209613938, 0.04419417382415928] ; [0.1823009670246568, 0.1878252387526768] ; [-0.008879624725731154, -0.004621646214839581] ; [-0.6821635571340316, -0.6798100600755205] ; [-0.03866990209613927, -0.0360021275889253] ; [0.5007861598661315, 0.504603072034253] ; [0.01753384736130243, 0.0222875754783598]) psize 19 qposs 17 qvalid 8
 time 0.1359000000000003
 nb boxes 110
 depth 56
 valid point (0.02120822718639493 ; -0.4964762170119327 ; 0.04419417382415928 ; 0.1823009670246569 ; -0.005207958923462185 ; -0.6815656243423788 ; -0.03866990209613926 ; 0.5014403352994024 ; 0.02024274723248734)
 best sol point (0.02120822718639493 ; -0.4964762170119327 ; 0.04419417382415928 ; 0.1823009670246569 ; -0.005207958923462185 ; -0.6815656243423788 ; -0.03866990209613926 ; 0.5014403352994024 ; 0.02024274723248734)
 qmax epsboxes 0
solution([0.01933495104806966, 0.02209708691207962] ; [-0.4967726481948452, -0.4937913148389022] ; [0.04143203796014932, 0.04419417382415928] ; [0.1767766952966369, 0.1823009670246569] ; [-0.00820619565281606, -0.004621646214839581] ; [-0.6834124560405588, -0.6813064650828074] ; [-0.03866990209613927, -0.0360021275889253] ; [0.5008357788056246, 0.5045943538004907] ; [0.01882377837153906, 0.02286422935821247]) psize 19 qposs 18 qvalid 9
 time 0.1413480000000003
 nb boxes 112
 depth 57
 valid point (0.01933495104806967 ; -0.4967726481948451 ; 0.04220106082061255 ; 0.176776695296637 ; -0.004621646214839581 ; -0.6830760340748207 ; -0.0360021275889253 ; 0.5015126906490704 ; 0.02093252703643062)
 best sol point (0.01933495104806967 ; -0.4967726481948451 ; 0.04220106082061255 ; 0.176776695296637 ; -0.004621646214839581 ; -0.6830760340748207 ; -0.0360021275889253 ; 0.5015126906490704 ; 0.02093252703643062)
 qmax epsboxes 17
solution([0.01441667752278663, 0.01657281518405971] ; [-0.5060470929051298, -0.5016367236354583] ; [0.04061286986079286, 0.04419417382415928] ; [0.1823009670246568, 0.1878252387526768] ; [-0.009669755321174758, -0.0053518138551333] ; [-0.681834036670232, -0.6796836795040962] ; [-0.03496017942805291, -0.03314563036811936] ; [0.4927403277997028, 0.4972389092960904] ; [0.01746660686980722, 0.02458990592046638]) psize 28 qposs 19 qvalid 10
 time 0.6140730000000041
 nb boxes 398
 depth 50
 valid point (0.01657281518405971 ; -0.5016367236354583 ; 0.04329773057329148 ; 0.1823009670246569 ; -0.007359146040833701 ; -0.681626828992434 ; -0.03314563036811936 ; 0.4968322104321315 ; 0.01957230033375554)
 best sol point (0.01657281518405971 ; -0.5016367236354583 ; 0.04329773057329148 ; 0.1823009670246569 ; -0.007359146040833701 ; -0.681626828992434 ; -0.03314563036811936 ; 0.4968322104321315 ; 0.01957230033375554)
 qmax epsboxes 25
solution([0.01564047046666676, 0.01657281518405971] ; [-0.5058878413887484, -0.5016367236354583] ; [0.04140999175487224, 0.04419417382415928] ; [0.1767766952966369, 0.1823009670246569] ; [-0.009078101084885224, -0.0053518138551333] ; [-0.6831698473558126, -0.6813531167009213] ; [-0.03405642487239801, -0.03314563036811936] ; [0.4927403277997028, 0.4971097688245825] ; [0.01855076574973858, 0.02122052822612138]) psize 20 qposs 19 qvalid 11
 time 0.6165160000000042
 nb boxes 400
 depth 51
 valid point (0.01657281518405971 ; -0.5016367236354583 ; 0.04419417382415928 ; 0.176776695296637 ; -0.007703293326335146 ; -0.6829978004109056 ; -0.03314563036811936 ; 0.496850061386348 ; 0.02049421410861946)
 best sol point (0.01657281518405971 ; -0.5016367236354583 ; 0.04419417382415928 ; 0.176776695296637 ; -0.007703293326335146 ; -0.6829978004109056 ; -0.03314563036811936 ; 0.496850061386348 ; 0.02049421410861946)
 qmax epsboxes 25
solution([0.0110485434560398, 0.01381067932004976] ; [-0.5067168118246048, -0.5020464099536842] ; [0.02384480930707264, 0.02762135864009957] ; [0.1795388311606468, 0.1823009670246569] ; [-0.00648479002071925, -0.003694633737725209] ; [-0.6836282570737952, -0.6823706035268609] ; [-0.02448746663772418, -0.02209708691207955] ; [0.4927403277997028, 0.4975047360213656] ; [0.01050703039560613, 0.01435850937526854]) psize 28 qposs 27 qvalid 15
 time 1.480336000000027
 nb boxes 978
 depth 54
 valid point (0.01381067932004976 ; -0.5063566458170156 ; 0.02762135864009957 ; 0.1795388311606469 ; -0.003694633737725209 ; -0.6833093971687755 ; -0.02399424407715686 ; 0.4927403277997029 ; 0.01292299265790959)
 best sol point (0.01381067932004976 ; -0.5063566458170156 ; 0.02762135864009957 ; 0.1795388311606469 ; -0.003694633737725209 ; -0.6833093971687755 ; -0.02399424407715686 ; 0.4927403277997029 ; 0.01292299265790959)
 qmax epsboxes 28
solution([0.0136806183497617, 0.01657281518405971] ; [-0.506410363782191, -0.5019494790748656] ; [0.02926666141249261, 0.03314563036811948] ; [0.1767766952966369, 0.1823009670246569] ; [-0.006108012849903549, -0.003246758737630273] ; [-0.6840689681217504, -0.682013466019066] ; [-0.02978079374382164, -0.0273310952920453] ; [0.4927403277997028, 0.497300382190423] ; [0.01429452604795641, 0.01857775009933396]) psize 29 qposs 27 qvalid 16
 time 1.57171500000003
 nb boxes 1030
 depth 52
 valid point (0.01657281518405971 ; -0.5060065244894327 ; 0.03314563036811948 ; 0.176776695296637 ; -0.003553114948744812 ; -0.683705024677113 ; -0.02887843294636108 ; 0.4927403277997029 ; 0.01686844406477893)
 best sol point (0.01657281518405971 ; -0.5060065244894327 ; 0.03314563036811948 ; 0.176776695296637 ; -0.003553114948744812 ; -0.683705024677113 ; -0.02887843294636108 ; 0.4927403277997029 ; 0.01686844406477893)
 qmax epsboxes 28
solution([0.009737922753589495, 0.01104854345603981] ; [-0.5303300858899106, -0.526699885763989] ; [0.02952908260571206, 0.03320722653109038] ; [0.1933495104806966, 0.1988737822087166] ; [-0.00991267969127453, -0.005511450515526023] ; [-0.679493363561055, -0.6774968586811189] ; [-0.02325695478456266, -0.02209708691207955] ; [0.4666565346032608, 0.4712792534165113] ; [0.0123539899039257, 0.01494893710465707]) psize 28 qposs 27 qvalid 17
 time 3.119352000000128
 nb boxes 2120
 depth 50
 valid point (0.0105857851013405 ; -0.5282540837195734 ; 0.03320722653109038 ; 0.1933495104806967 ; -0.008128112580219302 ; -0.679238578872864 ; -0.02209708691207955 ; 0.4692661936981462 ; 0.01494893710465707)
 best sol point (0.0105857851013405 ; -0.5282540837195734 ; 0.03320722653109038 ; 0.1933495104806967 ; -0.008128112580219302 ; -0.679238578872864 ; -0.02209708691207955 ; 0.4692661936981462 ; 0.01494893710465707)
 qmax epsboxes 28
solution([0.009966080893337959, 0.01104854345603981] ; [-0.5303300858899106, -0.526699885763989] ; [0.02979538564225691, 0.03320722653109038] ; [0.1933495104806966, 0.1961116463447066] ; [-0.009791197789678845, -0.005511450515526023] ; [-0.6794853469651967, -0.6783041736443414] ; [-0.02305418191404523, -0.02209708691207955] ; [0.4666717854345804, 0.4712661609681938] ; [0.01267383972337432, 0.01494893710465707]) psize 28 qposs 26 qvalid 18
 time 3.124152000000128
 nb boxes 2122
 depth 51
 valid point (0.01104854345603981 ; -0.5270177477150164 ; 0.03097303764065366 ; 0.1933495104806967 ; -0.00635241819479676 ; -0.6793362077060844 ; -0.02209708691207955 ; 0.4707027028208656 ; 0.01494893710465707)
 best sol point (0.01104854345603981 ; -0.5270177477150164 ; 0.03097303764065366 ; 0.1933495104806967 ; -0.00635241819479676 ; -0.6793362077060844 ; -0.02209708691207955 ; 0.4707027028208656 ; 0.01494893710465707)
 qmax epsboxes 28
solution([0.02030281761089883, 0.02209708691207962] ; [-0.5300149853918304, -0.5268721514456244] ; [0.03094940071400384, 0.03315763062162134] ; [0.1961116463447065, 0.1988737822087166] ; [-0.00188111308732395, 5.551115123125783e-17] ; [-0.6785494448974464, -0.6772841733705279] ; [-0.03444713014762152, -0.03314563036811936] ; [0.4666331505272517, 0.4701928680388147] ; [0.01826369248252382, 0.0215486289977389]) psize 30 qposs 29 qvalid 21
 time 4.973052000000304
 nb boxes 3304
 depth 51
 valid point (0.02209708691207962 ; -0.5296832355551472 ; 0.03188215222782016 ; 0.1961116463447066 ; 5.551115123125783e-17 ; -0.6783584455232662 ; -0.03314563036811936 ; 0.4666331505272518 ; 0.01946653147848826)
 best sol point (0.02209708691207962 ; -0.5296832355551472 ; 0.03188215222782016 ; 0.1961116463447066 ; 5.551115123125783e-17 ; -0.6783584455232662 ; -0.03314563036811936 ; 0.4666331505272518 ; 0.01946653147848826)
 qmax epsboxes 30
solution([0.01908873820778337, 0.02209708691207962] ; [-0.5235006756634284, -0.5197291881605076] ; [0.03312292666009188, 0.03568332308271898] ; [0.1823009670246568, 0.1878252387526768] ; [-0.004149771372661537, 5.551115123125783e-17] ; [-0.6823495645462241, -0.6802467973944399] ; [-0.03578601337873068, -0.03314563036811936] ; [0.4733102490028625, 0.4774247546478015] ; [0.01871305533174572, 0.02268731963235403]) psize 30 qposs 30 qvalid 25
 time 5.017699000000307
 nb boxes 3324
 depth 50
 valid point (0.02209708691207962 ; -0.5217179434544805 ; 0.03352813624830828 ; 0.1878252387526768 ; 5.551115123125783e-17 ; -0.6805560507282781 ; -0.03421060397462451 ; 0.4755242821191738 ; 0.02060602167599684)
 best sol point (0.02209708691207962 ; -0.5217179434544805 ; 0.03352813624830828 ; 0.1878252387526768 ; 5.551115123125783e-17 ; -0.6805560507282781 ; -0.03421060397462451 ; 0.4755242821191738 ; 0.02060602167599684)
 qmax epsboxes 30
solution([0.01450340055217984, 0.01769769546671822] ; [-0.5303300858899106, -0.5301079223547128] ; [0.02058193378413536, 0.02565821644186545] ; [0.1988737822087165, 0.2043980539367365] ; [-0.003973372972756703, 5.551115123125783e-17] ; [-0.6782986644897652, -0.676150410353958] ; [-0.02716489489409449, -0.02273402518958166] ; [0.4663814147516149, 0.4666331505272518] ; [0.01245521533104536, 0.01624823229505861]) psize 30 qposs 30 qvalid 26
 time 36.83044600001515
 nb boxes 24134
 depth 42
 valid point (0.01713103287900974 ; -0.5303300858899105 ; 0.02565821644186545 ; 0.1999407016465716 ; 5.551115123125783e-17 ; -0.6775718218132253 ; -0.02638051402764077 ; 0.4666331505272518 ; 0.01567476807702032)
 best sol point (0.01713103287900974 ; -0.5303300858899105 ; 0.02565821644186545 ; 0.1999407016465716 ; 5.551115123125783e-17 ; -0.6775718218132253 ; -0.02638051402764077 ; 0.4666331505272518 ; 0.01567476807702032)
 qmax epsboxes 32
solution([0.02041049191009931, 0.02325015171223795] ; [-0.705961852325279, -0.7050776766867727] ; [0.02968755756097909, 0.03357349110395177] ; [0.570160440734873, 0.5725751170312606] ; [-0.002305253492503536, 5.551115123125783e-17] ; [-0.4161103942205122, -0.4134975766161845] ; [-0.03341102149531024, -0.03075012865512926] ; [0.02209708691207966, 0.03314563036811948] ; [0.01960359289877729, 0.02236719111306254]) psize 29 qposs 29 qvalid 27
 time 2693.625947103909
 nb boxes 2082408
 depth 50
 valid point (0.02041049191009932 ; -0.7054839193233464 ; 0.03082702302034559 ; 0.5724323367152527 ; 5.551115123125783e-17 ; -0.4134975766161845 ; -0.03075012865512926 ; 0.02968063781394741 ; 0.02021791412533023)
 best sol point (0.02041049191009932 ; -0.7054839193233464 ; 0.03082702302034559 ; 0.5724323367152527 ; 5.551115123125783e-17 ; -0.4134975766161845 ; -0.03075012865512926 ; 0.02968063781394741 ; 0.02021791412533023)
 qmax epsboxes 33
solution([0.01622562382872056, 0.01808255515107599] ; [-0.2849875697464768, -0.2822202119749278] ; [0.02762135864009956, 0.03038349450410953] ; [-0.0773398041922786, -0.07181553246425868] ; [-0.002244227446922365, 5.551115123125783e-17] ; [-0.7029439755335531, -0.7017785894662048] ; [-0.03295237398683185, -0.02953639379392203] ; [0.6458266678760078, 0.6476890391140794] ; [0.0156171813914734, 0.01806739756930277]) psize 30 qposs 30 qvalid 28
 time 4277.083855242599
 nb boxes 3449116
 depth 50
 valid point (0.01679773627696989 ; -0.2822202119749278 ; 0.02762135864009957 ; -0.07733980419227859 ; 5.551115123125783e-17 ; -0.7021447450410225 ; -0.02953639379392203 ; 0.6473945540409798 ; 0.01619536122075069)
 best sol point (0.01679773627696989 ; -0.2822202119749278 ; 0.02762135864009957 ; -0.07733980419227859 ; 5.551115123125783e-17 ; -0.7021447450410225 ; -0.02953639379392203 ; 0.6473945540409798 ; 0.01619536122075069)
 qmax epsboxes 33
solution([0.0110485434560398, 0.01140182503069367] ; [-0.2588724161510295, -0.2532033653835168] ; [0.01601851614092098, 0.01836768270218525] ; [-0.0939126193763383, -0.08838834764831839] ; [-0.002248320763784441, 5.551115123125783e-17] ; [-0.7015113167702617, -0.7003054520783476] ; [-0.02096965850918296, -0.02007994411178107] ; [0.6573485236777846, 0.6595586887872254] ; [0.008766937571389042, 0.01079418245422982]) psize 32 qposs 32 qvalid 29
 time 4349.309664251616
 nb boxes 3494426
 depth 43
 valid point (0.01104854345603981 ; -0.2552207802774121 ; 0.01836768270218525 ; -0.08838834764831839 ; 5.551115123125783e-17 ; -0.701179557901741 ; -0.02096965850918295 ; 0.6590192345711299 ; 0.01021955621738835)
 best sol point (0.01104854345603981 ; -0.2552207802774121 ; 0.01836768270218525 ; -0.08838834764831839 ; 5.551115123125783e-17 ; -0.701179557901741 ; -0.02096965850918295 ; 0.6590192345711299 ; 0.01021955621738835)
 qmax epsboxes 33
Number of branches : 14244066
time used : 16231.68511357486
 remaining small boxes  871292 max possible inliers in small boxes 34
 best sol point 0.01104854345603981 -0.2552207802774121 0.01836768270218525 -0.08838834764831839 5.551115123125783e-17 -0.701179557901741 -0.02096965850918295 0.6590192345711299 0.01021955621738835 
 nb inliers 29
0  1  2  3  5  6  7  9  10  11  12  13  14  15  16  18  19  20  21  22  23  24  25  26  28  29  32  34  35  
essential (([-0.0001928834519504565, 7.116548049556588e-06] ; [-0.0001309073383956693, 6.90926616046638e-05] ; [-6.447744875129874e-05, 0.0001355225512487243])
([-9.654867838083228e-05, 0.0001034513216192269] ; [-2.929958489029913e-05, 0.0001707004151097088] ; [-2.877647571501191e-05, 0.0001712235242854556])
([-0.0001480166443316871, 5.198335566833288e-05] ; [-3.573900257289034e-05, 0.0001642609974277065] ; [-0.0001613313963412346, 3.866860365878064e-05]))determinant [-4.765609470277497e-05, 0.000152343905297229] time used 16231.68511357486  
 total branch number 14244066
