essential_test4.txt
 fin lecture 
 p 36
 avant lecture 
 apres lecture 
ctc2 size 36
 apres contraintes 
0.0121462  -0.149517  0.0272993  -0.138859  0.00147601  -0.69268  -0.0281015  0.690426  0.0136108  
0 0.707107
-0.707106 0.707107
-0.707106 0.707107
-0.707106 0.707107
-0.707106 0.707107
-0.707106 0.707107
-0.707106 0.707107
-0.707106 0.707107
-0.707106 0.707107
 box ([0, 0.7071067811865476] ; [-0.7071067811865475, 0.7071067811865476] ; [-0.7071067811865475, 0.7071067811865476] ; [-0.7071067811865475, 0.7071067811865476] ; [-0.7071067811865475, 0.7071067811865476] ; [-0.7071067811865475, 0.7071067811865476] ; [-0.7071067811865475, 0.7071067811865476] ; [-0.7071067811865475, 0.7071067811865476] ; [-0.7071067811865475, 0.7071067811865476])
 Q 10
 nobs 36
 nobs 36
 solution 4 24
 avant solver ([0, 0.7071067811865476] ; [-0.7071067811865475, 0.7071067811865476] ; [-0.7071067811865475, 0.7071067811865476] ; [-0.7071067811865475, 0.7071067811865476] ; [-0.7071067811865475, 0.7071067811865476] ; [-0.7071067811865475, 0.7071067811865476] ; [-0.7071067811865475, 0.7071067811865476] ; [-0.7071067811865475, 0.7071067811865476] ; [-0.7071067811865475, 0.7071067811865476])
 nb inliers 36
 apres solver 
box init ([0, 0.7071067811865476] ; [-0.7071067811865475, 0.7071067811865476] ; [-0.7071067811865475, 0.7071067811865476] ; [-0.7071067811865475, 0.7071067811865476] ; [-0.7071067811865475, 0.7071067811865476] ; [-0.7071067811865475, 0.7071067811865476] ; [-0.7071067811865475, 0.7071067811865476] ; [-0.7071067811865475, 0.7071067811865476] ; [-0.7071067811865475, 0.7071067811865476])
essential (([-8.83893476483185, 9.192488155425125] ; [-9.192488155425123, 9.192488155425125] ; [-9.192488155425123, 9.192488155425125])
([-9.546041546018398, 9.546041546018398] ; [-9.546041546018398, 9.546041546018398] ; [-9.546041546018398, 9.546041546018398])
([-9.546041546018398, 9.546041546018398] ; [-9.546041546018398, 9.546041546018398] ; [-9.546041546018398, 9.546041546018398]))
 box apres essential  ([0, 0.7071067811865476] ; [-0.7071067811865475, 0.7071067811865476] ; [-0.7071067811865475, 0.7071067811865476] ; [-0.7071067811865475, 0.7071067811865476] ; [-0.7071067811865475, 0.7071067811865476] ; [-0.7071067811865475, 0.7071067811865476] ; [-0.7071067811865475, 0.7071067811865476] ; [-0.7071067811865475, 0.7071067811865476] ; [-0.7071067811865475, 0.7071067811865476])
 box apres ctcnorm  ([0, 0.7071067811865476] ; [-0.7071067811865475, 0.7071067811865476] ; [-0.7071067811865475, 0.7071067811865476] ; [-0.7071067811865475, 0.7071067811865476] ; [-0.7071067811865475, 0.7071067811865476] ; [-0.7071067811865475, 0.7071067811865476] ; [-0.7071067811865475, 0.7071067811865476] ; [-0.7071067811865475, 0.7071067811865476] ; [-0.7071067811865475, 0.7071067811865476])
essential apres contract (([-8.83893476483185, 9.192488155425125] ; [-9.192488155425123, 9.192488155425125] ; [-9.192488155425123, 9.192488155425125])
([-9.546041546018398, 9.546041546018398] ; [-9.546041546018398, 9.546041546018398] ; [-9.546041546018398, 9.546041546018398])
([-9.546041546018398, 9.546041546018398] ; [-9.546041546018398, 9.546041546018398] ; [-9.546041546018398, 9.546041546018398]))
determinant [-2.121420343559644, 2.121420343559644] point size 36
solution([0.0110485434560398, 0.01242961138804479] ; [-0.1546796083845573, -0.1436310649285174] ; [0.02209708691207966, 0.02762135864009957] ; [-0.1433639980886633, -0.1325825214724776] ; [5.551115123125782e-17, 0.007083060662391893] ; [-0.694754011552958, -0.6911263420866086] ; [-0.03314563036811937, -0.02209708691207955] ; [0.6884219950674963, 0.6925101265314044] ; [0.009742433226167759, 0.0168471646658682]) psize 31 q1 31 q2 14
 time 0.1225950000000003
 nb boxes 116
 depth 59
 valid point (0.01104854345603981 ; -0.1436310649285174 ; 0.02762135864009957 ; -0.1325825214724776 ; 0.001455215847040959 ; -0.693912269458619 ; -0.02507925975480924 ; 0.6917987131323178 ; 0.01250745550287828)
 best sol point (0.01104854345603981 ; -0.1436310649285174 ; 0.02762135864009957 ; -0.1325825214724776 ; 0.001455215847040959 ; -0.693912269458619 ; -0.02507925975480924 ; 0.6917987131323178 ; 0.01250745550287828)
solution([0.01173907742204229, 0.01242961138804479] ; [-0.1546796083845573, -0.1491553366565373] ; [0.02209708691207966, 0.02762135864009957] ; [-0.1433639980886633, -0.1325825214724776] ; [5.551115123125782e-17, 0.006168836184452823] ; [-0.6946055824823037, -0.6912775235427458] ; [-0.03314563036811937, -0.02762135864009945] ; [0.6885495884079464, 0.6909975170187151] ; [0.01065344621900563, 0.0168471646658682]) psize 31 q1 31 q2 17
 time 0.1317560000000003
 nb boxes 122
 depth 62
 valid point (0.0117390774220423 ; -0.1510507279117985 ; 0.02209708691207967 ; -0.1433639980886632 ; 0.002520600745676248 ; -0.6919417599228485 ; -0.02959965322754858 ; 0.6899831787498872 ; 0.0141059648157009)
 best sol point (0.0117390774220423 ; -0.1510507279117985 ; 0.02209708691207967 ; -0.1433639980886632 ; 0.002520600745676248 ; -0.6919417599228485 ; -0.02959965322754858 ; 0.6899831787498872 ; 0.0141059648157009)
solution([0.01173907742204229, 0.01242961138804479] ; [-0.1546796083845573, -0.1491553366565373] ; [0.02485922277608961, 0.02762135864009957] ; [-0.1433639980886633, -0.1379732597805704] ; [5.551115123125782e-17, 0.005434220999049288] ; [-0.6933813827953162, -0.6913233759562049] ; [-0.03038349450410942, -0.02762135864009945] ; [0.6887488169399634, 0.6909349777007647] ; [0.01122602817421474, 0.0168471646658682]) psize 31 q1 31 q2 19
 time 0.1425630000000004
 nb boxes 128
 depth 65
 valid point (0.01193500519750249 ; -0.1546796083845572 ; 0.02485922277608962 ; -0.1433639980886632 ; 0.002118993190881231 ; -0.6918576159512284 ; -0.02762135864009945 ; 0.6892988088664767 ; 0.01406994070530448)
 best sol point (0.01193500519750249 ; -0.1546796083845572 ; 0.02485922277608962 ; -0.1433639980886632 ; 0.002118993190881231 ; -0.6918576159512284 ; -0.02762135864009945 ; 0.6892988088664767 ; 0.01406994070530448)
solution([0.01173907742204229, 0.01242961138804479] ; [-0.1502757726968152, -0.1491553366565373] ; [0.02624029070809459, 0.02762135864009957] ; [-0.139156738503075, -0.1379732597805704] ; [0.001836879111142883, 0.002389092927019211] ; [-0.6931353416301215, -0.6923667531653233] ; [-0.02831189260610195, -0.02762135864009945] ; [0.6903662414878265, 0.6908434771539826] ; [0.01346267271033544, 0.01403659642004148]) psize 31 q1 31 q2 20
 time 0.2636530000000008
 nb boxes 188
 depth 80
 valid point (0.01205057484816338 ; -0.1491553366565373 ; 0.0262402907080946 ; -0.1379732597805704 ; 0.002221463860287934 ; -0.692813533785999 ; -0.02831189260610194 ; 0.6905013025505707 ; 0.01403659642004148)
 best sol point (0.01205057484816338 ; -0.1491553366565373 ; 0.0262402907080946 ; -0.1379732597805704 ; 0.002221463860287934 ; -0.692813533785999 ; -0.02831189260610194 ; 0.6905013025505707 ; 0.01403659642004148)
solution([0.01173907742204229, 0.01211495573317249] ; [-0.153095114728983, -0.1525852367424193] ; [0.02485922277608961, 0.02554975674209211] ; [-0.1390256552295497, -0.1379732597805704] ; [0.001435321523427848, 0.001981340435314932] ; [-0.6929453282727134, -0.6926802607090727] ; [-0.02831189260610195, -0.02762135864009945] ; [0.689859210201952, 0.690085438353165] ; [0.01346776676333056, 0.01403659642004148]) psize 31 q1 31 q2 21
 time 15.4335570000021
 nb boxes 8044
 depth 81
 valid point (0.01175356417199454 ; -0.1525852367424193 ; 0.02485922277608962 ; -0.1379732597805704 ; 0.001819846941359538 ; -0.6929418515310292 ; -0.02762135864009945 ; 0.6898592102019521 ; 0.01351493538816501)
 best sol point (0.01175356417199454 ; -0.1525852367424193 ; 0.02485922277608962 ; -0.1379732597805704 ; 0.001819846941359538 ; -0.6929418515310292 ; -0.02762135864009945 ; 0.6898592102019521 ; 0.01351493538816501)
solution([0.01217284310098614, 0.01242961138804479] ; [-0.1546796083845573, -0.1522774490371752] ; [0.02620634560941321, 0.02753441015988971] ; [-0.1348612381988591, -0.1325825214724776] ; [0.001246780559256066, 0.003023827989924128] ; [-0.6942727976882394, -0.6934607501834071] ; [-0.03153315718656344, -0.03038349450410941] ; [0.6888349251088663, 0.6897461724632604] ; [0.01417905516879757, 0.01512041707036832]) psize 31 q1 31 q2 22
 time 515.4859920021968
 nb boxes 257912
 depth 73
 valid point (0.01242961138804479 ; -0.1546796083845572 ; 0.02652312878866316 ; -0.1325825214724776 ; 0.002812061491080564 ; -0.6939111498698062 ; -0.03038349450410941 ; 0.6892459596482792 ; 0.01512041707036832)
 best sol point (0.01242961138804479 ; -0.1546796083845572 ; 0.02652312878866316 ; -0.1325825214724776 ; 0.002812061491080564 ; -0.6939111498698062 ; -0.03038349450410941 ; 0.6892459596482792 ; 0.01512041707036832)
solution([0.01173907742204229, 0.01186741275786118] ; [-0.1541041549904129, -0.1535287015962684] ; [0.02421737484675677, 0.02485922277608962] ; [-0.1343914771848931, -0.1337884919474212] ; [0.001665104493909463, 0.002609643311298866] ; [-0.6941034988632381, -0.6935381848147619] ; [-0.02831189260610195, -0.02774967822197254] ; [0.6890898098935006, 0.6898281053061943] ; [0.0132939432470844, 0.0138104299035951]) psize 31 q1 31 q2 23
 time 543.6547350025588
 nb boxes 271490
 depth 80
 valid point (0.0117390774220423 ; -0.1541041549904128 ; 0.02485922277608962 ; -0.1337884919474212 ; 0.002164095592627805 ; -0.6936880329042949 ; -0.02795577738830275 ; 0.689432898934858 ; 0.0138104299035951)
 best sol point (0.0117390774220423 ; -0.1541041549904128 ; 0.02485922277608962 ; -0.1337884919474212 ; 0.002164095592627805 ; -0.6936880329042949 ; -0.02795577738830275 ; 0.689432898934858 ; 0.0138104299035951)
