essential_test4.txt
 fin lecture 
 p 36
 avant lecture 
 apres lecture 
0.00106429
-0.638571
0.00106429
-0.424649
 apres contraintes 
 box ([0, 0.7071067811865476] ; [-0.7071067811865475, 0.7071067811865476] ; [-0.7071067811865475, 0.7071067811865476] ; [-0.7071067811865475, 0.7071067811865476] ; [-0.7071067811865475, 0.7071067811865476] ; [-0.7071067811865475, 0.7071067811865476] ; [-0.7071067811865475, 0.7071067811865476] ; [-0.7071067811865475, 0.7071067811865476] ; [-0.7071067811865475, 0.7071067811865476])
 Q 10
 solution ransac 0
 avant solver 
 nb inliers 36
 apres solver 
 oracle (0.0212236 ; -0.4939787999999999 ; 0.04200220000000001 ; 0.1820916 ; -0.0056804 ; -0.6818421 ; -0.0376943 ; 0.5039347 ; 0.0173491)
box init ([0, 0.7071067811865476] ; [-0.7071067811865475, 0.7071067811865476] ; [-0.7071067811865475, 0.7071067811865476] ; [-0.7071067811865475, 0.7071067811865476] ; [-0.7071067811865475, 0.7071067811865476] ; [-0.7071067811865475, 0.7071067811865476] ; [-0.7071067811865475, 0.7071067811865476] ; [-0.7071067811865475, 0.7071067811865476] ; [-0.7071067811865475, 0.7071067811865476])
essential (([-8.83893476483185, 9.192488155425125] ; [-9.192488155425123, 9.192488155425125] ; [-9.192488155425123, 9.192488155425125])
([-9.546041546018398, 9.546041546018398] ; [-9.546041546018398, 9.546041546018398] ; [-9.546041546018398, 9.546041546018398])
([-9.546041546018398, 9.546041546018398] ; [-9.546041546018398, 9.546041546018398] ; [-9.546041546018398, 9.546041546018398]))
 box apres essential  ([0, 0.7071067811865476] ; [-0.7071067811865475, 0.7071067811865476] ; [-0.7071067811865475, 0.7071067811865476] ; [-0.7071067811865475, 0.7071067811865476] ; [-0.7071067811865475, 0.7071067811865476] ; [-0.7071067811865475, 0.7071067811865476] ; [-0.7071067811865475, 0.7071067811865476] ; [-0.7071067811865475, 0.7071067811865476] ; [-0.7071067811865475, 0.7071067811865476])
 box apres ctcnorm  ([0, 0.7071067811865476] ; [-0.7071067811865475, 0.7071067811865476] ; [-0.7071067811865475, 0.7071067811865476] ; [-0.7071067811865475, 0.7071067811865476] ; [-0.7071067811865475, 0.7071067811865476] ; [-0.7071067811865475, 0.7071067811865476] ; [-0.7071067811865475, 0.7071067811865476] ; [-0.7071067811865475, 0.7071067811865476] ; [-0.7071067811865475, 0.7071067811865476])
essential apres contract (([-8.83893476483185, 9.192488155425125] ; [-9.192488155425123, 9.192488155425125] ; [-9.192488155425123, 9.192488155425125])
([-9.546041546018398, 9.546041546018398] ; [-9.546041546018398, 9.546041546018398] ; [-9.546041546018398, 9.546041546018398])
([-9.546041546018398, 9.546041546018398] ; [-9.546041546018398, 9.546041546018398] ; [-9.546041546018398, 9.546041546018398]))
determinant [-2.121420343559644, 2.121420343559644] point size 36
solution([0.01933495104806966, 0.02209708691207962] ; [-0.4967726481948452, -0.4907639136158905] ; [0.03866990209613938, 0.04419417382415928] ; [0.1767766952966369, 0.1878252387526768] ; [-0.00954062771661232, 5.551115123125783e-17] ; [-0.6836970705950152, -0.6797009611781262] ; [-0.03866990209613927, -0.03333435308171133] ; [0.5007025572003211, 0.506596896795214] ; [0.0165433937598644, 0.02321353839949005]) psize 28 qposs 23 qvalid 5
 time 0.1185860000000002
 nb boxes 102
 depth 52
 valid point (0.01933495104806967 ; -0.4967726481948451 ; 0.03965439588284843 ; 0.1878252387526768 ; -0.005316778893142517 ; -0.680404001561421 ; -0.03511316756717375 ; 0.5014382399040376 ; 0.01654339375986441)
 best sol point (0.01933495104806967 ; -0.4967726481948451 ; 0.03965439588284843 ; 0.1878252387526768 ; -0.005316778893142517 ; -0.680404001561421 ; -0.03511316756717375 ; 0.5014382399040376 ; 0.01654339375986441)
 qmax epsboxes 0
solution([0.01933495104806966, 0.02209708691207962] ; [-0.4967726481948452, -0.4937913148389022] ; [0.03866990209613938, 0.04419417382415928] ; [0.1767766952966369, 0.1878252387526768] ; [-0.009181090848041524, -0.004621646214839581] ; [-0.6836549168819407, -0.6798043741420094] ; [-0.03866990209613927, -0.0360021275889253] ; [0.5007639802212345, 0.5046375690029065] ; [0.0165433937598644, 0.02290503387555506]) psize 19 qposs 19 qvalid 7
 time 0.1260410000000002
 nb boxes 108
 depth 55
 valid point (0.01933495104806967 ; -0.4967726481948451 ; 0.04419417382415928 ; 0.1844573381800247 ; -0.004621646214839581 ; -0.680841319545052 ; -0.03741239704916876 ; 0.5013484793655297 ; 0.02172981061726074)
 best sol point (0.01933495104806967 ; -0.4967726481948451 ; 0.04419417382415928 ; 0.1844573381800247 ; -0.004621646214839581 ; -0.680841319545052 ; -0.03741239704916876 ; 0.5013484793655297 ; 0.02172981061726074)
 qmax epsboxes 0
solution([0.01933495104806966, 0.02209708691207962] ; [-0.4967726481948452, -0.4937913148389022] ; [0.03866990209613938, 0.04419417382415928] ; [0.1823009670246568, 0.1878252387526768] ; [-0.008879624725731154, -0.004621646214839581] ; [-0.6821635571340316, -0.6798100600755205] ; [-0.03866990209613927, -0.0360021275889253] ; [0.5007861598661315, 0.504603072034253] ; [0.01753384736130243, 0.0222875754783598]) psize 19 qposs 17 qvalid 8
 time 0.1328520000000003
 nb boxes 110
 depth 56
 valid point (0.02120822718639493 ; -0.4964762170119327 ; 0.04419417382415928 ; 0.1823009670246569 ; -0.005207958923462185 ; -0.6815656243423788 ; -0.03866990209613926 ; 0.5014403352994024 ; 0.02024274723248734)
 best sol point (0.02120822718639493 ; -0.4964762170119327 ; 0.04419417382415928 ; 0.1823009670246569 ; -0.005207958923462185 ; -0.6815656243423788 ; -0.03866990209613926 ; 0.5014403352994024 ; 0.02024274723248734)
 qmax epsboxes 0
solution([0.01933495104806966, 0.02209708691207962] ; [-0.4967726481948452, -0.4937913148389022] ; [0.04143203796014932, 0.04419417382415928] ; [0.1767766952966369, 0.1823009670246569] ; [-0.00820619565281606, -0.004621646214839581] ; [-0.6834124560405588, -0.6813064650828074] ; [-0.03866990209613927, -0.0360021275889253] ; [0.5008357788056246, 0.5045943538004907] ; [0.01882377837153906, 0.02286422935821247]) psize 19 qposs 18 qvalid 9
 time 0.1381400000000003
 nb boxes 112
 depth 57
 valid point (0.01933495104806967 ; -0.4967726481948451 ; 0.04220106082061255 ; 0.176776695296637 ; -0.004621646214839581 ; -0.6830760340748207 ; -0.0360021275889253 ; 0.5015126906490704 ; 0.02093252703643062)
 best sol point (0.01933495104806967 ; -0.4967726481948451 ; 0.04220106082061255 ; 0.176776695296637 ; -0.004621646214839581 ; -0.6830760340748207 ; -0.0360021275889253 ; 0.5015126906490704 ; 0.02093252703643062)
 qmax epsboxes 17
solution([0.02002548501407214, 0.02071601898007464] ; [-0.4959191079246132, -0.4950669904205551] ; [0.04143203796014932, 0.0428131058921543] ; [0.1767766952966369, 0.1795388311606469] ; [-0.004621646214839582, -0.002981076205081993] ; [-0.6832725251353613, -0.6821685522944487] ; [-0.03787597517434907, -0.03733601484253228] ; [0.5019361949200272, 0.5027719922497276] ; [0.01999577639561297, 0.02159635808107383]) psize 16 qposs 13 qvalid 10
 time 0.3134800000000011
 nb boxes 202
 depth 67
 valid point (0.02071601898007464 ; -0.4951879754573382 ; 0.04143203796014933 ; 0.176776695296637 ; -0.002981076205081993 ; -0.683103372813312 ; -0.03766586976070041 ; 0.5027719922497276 ; 0.02159635808107383)
 best sol point (0.02071601898007464 ; -0.4951879754573382 ; 0.04143203796014933 ; 0.176776695296637 ; -0.002981076205081993 ; -0.683103372813312 ; -0.03766586976070041 ; 0.5027719922497276 ; 0.02159635808107383)
 qmax epsboxes 18
solution([0.02027496733430793, 0.02071601898007464] ; [-0.4967726481948452, -0.4961685222997943] ; [0.04154562466077806, 0.04215439860154497] ; [0.1767766952966369, 0.1777454774139266] ; [-0.004260283094119363, -0.003801361209960787] ; [-0.6832155782537105, -0.6827139628787417] ; [-0.0377278565798368, -0.03733601484253228] ; [0.501140643418152, 0.5017360709332102] ; [0.02094483233034418, 0.02159635808107383]) psize 14 qposs 13 qvalid 11
 time 0.3353930000000012
 nb boxes 212
 depth 72
 valid point (0.02071601898007464 ; -0.4967726481948451 ; 0.04215439860154497 ; 0.176776695296637 ; -0.003801361209960787 ; -0.6830790734474259 ; -0.03733601484253228 ; 0.5011946744730989 ; 0.02144407988493537)
 best sol point (0.02071601898007464 ; -0.4967726481948451 ; 0.04215439860154497 ; 0.176776695296637 ; -0.003801361209960787 ; -0.6830790734474259 ; -0.03733601484253228 ; 0.5011946744730989 ; 0.02144407988493537)
 qmax epsboxes 18
solution([0.01436225386078929, 0.01657281518405971] ; [-0.5060362246763635, -0.5015774892609176] ; [0.04052228153773192, 0.04419417382415928] ; [0.1823009670246568, 0.1878252387526768] ; [-0.009255129059753466, -0.00524157228292334] ; [-0.6818346967668521, -0.6796933381244966] ; [-0.03500632082013305, -0.03314563036811936] ; [0.4927403277997028, 0.4973004381575451] ; [0.01832184045678218, 0.02401642990597619]) psize 28 qposs 19 qvalid 12
 time 3.502946000000134
 nb boxes 2124
 depth 50
 valid point (0.01657281518405971 ; -0.5042977480901287 ; 0.04419417382415928 ; 0.1842185897124495 ; -0.008456578728160107 ; -0.6810831774247363 ; -0.03314563036811936 ; 0.4940918251421785 ; 0.01909111279768853)
 best sol point (0.01657281518405971 ; -0.5042977480901287 ; 0.04419417382415928 ; 0.1842185897124495 ; -0.008456578728160107 ; -0.6810831774247363 ; -0.03314563036811936 ; 0.4940918251421785 ; 0.01909111279768853)
 qmax epsboxes 18
solution([0.01651158319950065, 0.01657281518405971] ; [-0.5057898847129899, -0.5055583839543311] ; [0.04406628019187479, 0.04419417382415928] ; [0.1809198990926518, 0.1812210640395187] ; [-0.008029111735191488, -0.007858390235843483] ; [-0.6820229365378019, -0.6818752909922095] ; [-0.03320895602985859, -0.03314563036811936] ; [0.4927403277997028, 0.4928620578228898] ; [0.02015477572113777, 0.02027827555431731]) psize 13 qposs 13 qvalid 13
 time 3.59911100000014
 nb boxes 2176
 depth 64
 valid point (0.01657281518405971 ; -0.5056169332745963 ; 0.04419417382415928 ; 0.1812210640395187 ; -0.008013233153395863 ; -0.6819219215320473 ; -0.03314563036811936 ; 0.4927403277997029 ; 0.02022787084482916)
 best sol point (0.01657281518405971 ; -0.5056169332745963 ; 0.04419417382415928 ; 0.1812210640395187 ; -0.008013233153395863 ; -0.6819219215320473 ; -0.03314563036811936 ; 0.4927403277997029 ; 0.02022787084482916)
 qmax epsboxes 18
solution([0.0201708601482824, 0.02209708691207962] ; [-0.5054841114322644, -0.5033994922964504] ; [0.0407299845589179, 0.04419417382415928] ; [0.1767766952966369, 0.1823009670246569] ; [-0.005857752454849375, -0.002964604616161274] ; [-0.683217356357042, -0.6811693516980105] ; [-0.03995720012165334, -0.03820937210029113] ; [0.4927403277997028, 0.4948726437258314] ; [0.02136969021987824, 0.02542505060665107]) psize 28 qposs 25 qvalid 14
 time 4.587683000000238
 nb boxes 2804
 depth 54
 valid point (0.02209708691207962 ; -0.5033994922964504 ; 0.0416286212905906 ; 0.176776695296637 ; -0.002964604616161274 ; -0.6830539733480172 ; -0.03820937210029113 ; 0.4946205208004571 ; 0.02235865007719839)
 best sol point (0.02209708691207962 ; -0.5033994922964504 ; 0.0416286212905906 ; 0.176776695296637 ; -0.002964604616161274 ; -0.6830539733480172 ; -0.03820937210029113 ; 0.4946205208004571 ; 0.02235865007719839)
 qmax epsboxes 22
solution([0.02164443315583108, 0.02209708691207962] ; [-0.5033994922964505, -0.502156867207899] ; [0.04113385940155676, 0.04178620100209126] ; [0.1767766952966369, 0.1795388311606469] ; [-0.003526216579643443, -0.002964604616161274] ; [-0.6832041493030026, -0.6821960504054304] ; [-0.03864814911074741, -0.03820937210029113] ; [0.4943715922157885, 0.4956262441837177] ; [0.02184849388258209, 0.02279339742808986]) psize 17 qposs 16 qvalid 15
 time 4.643685000000244
 nb boxes 2836
 depth 59
 valid point (0.02194357837925254 ; -0.5033994922964504 ; 0.04178620100209126 ; 0.176776695296637 ; -0.002964604616161274 ; -0.6830497958762768 ; -0.03820937210029113 ; 0.4944438285112887 ; 0.02266131734428113)
 best sol point (0.02194357837925254 ; -0.5033994922964504 ; 0.04178620100209126 ; 0.176776695296637 ; -0.002964604616161274 ; -0.6830497958762768 ; -0.03820937210029113 ; 0.4944438285112887 ; 0.02266131734428113)
 qmax epsboxes 22
solution([0.01945041104128863, 0.02071601898007464] ; [-0.5057327157171573, -0.5036940602137747] ; [0.03669480398692352, 0.03737323939824929] ; [0.1767766952966369, 0.1823009670246569] ; [-0.003113208308530497, -0.002611055447228824] ; [-0.6835313456270419, -0.6817862229399985] ; [-0.03527230203543421, -0.0344115658011623] ; [0.4927403277997028, 0.4948328303105516] ; [0.01980376804853264, 0.02055896543357561]) psize 17 qposs 16 qvalid 16
 time 5.157355000000304
 nb boxes 3160
 depth 59
 valid point (0.02006056716427564 ; -0.5054672300478377 ; 0.03737323939824929 ; 0.176776695296637 ; -0.002611055447228824 ; -0.6833675939703334 ; -0.0344115658011623 ; 0.4927403277997029 ; 0.02038935599133015)
 best sol point (0.02006056716427564 ; -0.5054672300478377 ; 0.03737323939824929 ; 0.176776695296637 ; -0.002611055447228824 ; -0.6833675939703334 ; -0.0344115658011623 ; 0.4927403277997029 ; 0.02038935599133015)
 qmax epsboxes 26
solution([0.01381067932004975, 0.01519174725205474] ; [-0.506682871280203, -0.5019593023877821] ; [0.02209708691207966, 0.02485922277608962] ; [0.1767766952966369, 0.1878252387526768] ; [-0.003364423807491767, 5.551115123125783e-17] ; [-0.6843952418185323, -0.6810059806598061] ; [-0.02340330463831638, -0.02209708691207955] ; [0.4927403277997028, 0.4975388977501214] ; [0.01136422329674495, 0.01426534043824432]) psize 28 qposs 27 qvalid 17
 time 7.359887000000553
 nb boxes 4416
 depth 55
 valid point (0.01504714255166425 ; -0.5063351467305874 ; 0.02209708691207967 ; 0.176776695296637 ; 5.551115123125783e-17 ; -0.6841727890493176 ; -0.02340330463831637 ; 0.4927403277997029 ; 0.01269018794495029)
 best sol point (0.01504714255166425 ; -0.5063351467305874 ; 0.02209708691207967 ; 0.176776695296637 ; 5.551115123125783e-17 ; -0.6841727890493176 ; -0.02340330463831637 ; 0.4927403277997029 ; 0.01269018794495029)
 qmax epsboxes 27
solution([0.009630741553426519, 0.01104854345603981] ; [-0.5267320457174675, -0.5232324893797806] ; [0.03148225560892597, 0.03321579049467028] ; [0.1823009670246568, 0.1878252387526768] ; [-0.007126176311233551, -0.004902809492063592] ; [-0.682455869811813, -0.6805734364537009] ; [-0.02337679546178515, -0.02209708691207955] ; [0.4707927658544162, 0.4746689064007419] ; [0.01419899892070312, 0.01706521729644247]) psize 29 qposs 26 qvalid 18
 time 12.52171600000178
 nb boxes 7672
 depth 51
 valid point (0.01104854345603981 ; -0.5233439454643176 ; 0.03148225560892598 ; 0.1878252387526768 ; -0.00672921473927443 ; -0.6808664173461711 ; -0.02209708691207955 ; 0.4746689064007419 ; 0.01478208097182531)
 best sol point (0.01104854345603981 ; -0.5233439454643176 ; 0.03148225560892598 ; 0.1878252387526768 ; -0.00672921473927443 ; -0.6808664173461711 ; -0.02209708691207955 ; 0.4746689064007419 ; 0.01478208097182531)
 qmax epsboxes 27
solution([0.01094662220783508, 0.01104854345603981] ; [-0.5293018007157271, -0.5290997976531985] ; [0.03115710317151272, 0.03129836423761292] ; [0.1955686263663459, 0.1958421431593952] ; [-0.007096926039355784, -0.00691909312517128] ; [-0.6788054565590069, -0.6787270294016833] ; [-0.02217172251317532, -0.02209708691207955] ; [0.4681717472044871, 0.4684013178568784] ; [0.01432775669896468, 0.01455855665166152]) psize 21 qposs 20 qvalid 19
 time 14.45150000000224
 nb boxes 8852
 depth 67
 valid point (0.01104854345603981 ; -0.5290997976531985 ; 0.03119326735079222 ; 0.195568626366346 ; -0.00691909312517128 ; -0.6787270294016833 ; -0.02209708691207955 ; 0.468396301917243 ; 0.01447551831666477)
 best sol point (0.01104854345603981 ; -0.5290997976531985 ; 0.03119326735079222 ; 0.195568626366346 ; -0.00691909312517128 ; -0.6787270294016833 ; -0.02209708691207955 ; 0.468396301917243 ; 0.01447551831666477)
 qmax epsboxes 27
solution([0.02150424192429235, 0.02209708691207962] ; [-0.5277677878510157, -0.5268282905182291] ; [0.03363606645310017, 0.0346626323008716] ; [0.1850631028886668, 0.1878252387526768] ; [-0.00159814879529799, 5.551115123125783e-17] ; [-0.6813925162289487, -0.6803594601617117] ; [-0.03455692633249806, -0.03403229538847407] ; [0.4690220488156734, 0.4700850616182822] ; [0.02001882332100775, 0.02151531510375577]) psize 29 qposs 23 qvalid 20
 time 30.32713800000947
 nb boxes 18758
 depth 57
 valid point (0.02209708691207962 ; -0.5268282905182291 ; 0.0346626323008716 ; 0.1878252387526768 ; -0.001510633214937215 ; -0.6805324217285768 ; -0.03403229538847407 ; 0.4699832469891091 ; 0.02027951411281863)
 best sol point (0.02209708691207962 ; -0.5268282905182291 ; 0.0346626323008716 ; 0.1878252387526768 ; -0.001510633214937215 ; -0.6805324217285768 ; -0.03403229538847407 ; 0.4699832469891091 ; 0.02027951411281863)
 qmax epsboxes 27
solution([0.02181934147088766, 0.02209708691207962] ; [-0.5273014288747121, -0.5269111947466249] ; [0.03173059714398196, 0.03218261674423258] ; [0.1864441708206717, 0.1878252387526768] ; [-0.0005807107601540658, 5.551115123125783e-17] ; [-0.6811662123607429, -0.6805480953970627] ; [-0.03337916111544146, -0.03314563036811936] ; [0.4692542223966973, 0.4696897593174585] ; [0.01922099512360451, 0.0199594251131474]) psize 24 qposs 22 qvalid 21
 time 30.66330900000961
 nb boxes 18930
 depth 59
 valid point (0.02209708691207962 ; -0.5269332445076901 ; 0.03218261674423258 ; 0.1878252387526768 ; -0.0005602173386567991 ; -0.6807058461446635 ; -0.03314563036811936 ; 0.4696897593174585 ; 0.01932421091536137)
 best sol point (0.02209708691207962 ; -0.5269332445076901 ; 0.03218261674423258 ; 0.1878252387526768 ; -0.0005602173386567991 ; -0.6807058461446635 ; -0.03314563036811936 ; 0.4696897593174585 ; 0.01932421091536137)
 qmax epsboxes 27
solution([0.02135355048291292, 0.02209708691207962] ; [-0.5299668811919534, -0.5284455866337121] ; [0.03121447416456231, 0.03322562795259998] ; [0.1933495104806966, 0.1961116463447066] ; [-0.001777989660187849, 5.551115123125783e-17] ; [-0.6792961385188297, -0.6781087640631203] ; [-0.03421920573807364, -0.03314563036811936] ; [0.4666331505272517, 0.4683527530222564] ; [0.01871987245610851, 0.02101858794163398]) psize 30 qposs 30 qvalid 23
 time 33.06382100001105
 nb boxes 20228
 depth 53
 valid point (0.02209708691207962 ; -0.5284455866337121 ; 0.03322562795259998 ; 0.1961116463447066 ; 5.551115123125783e-17 ; -0.6782365337347191 ; -0.03416968872119362 ; 0.4681710138434434 ; 0.02054808509837183)
 best sol point (0.02209708691207962 ; -0.5284455866337121 ; 0.03322562795259998 ; 0.1961116463447066 ; 5.551115123125783e-17 ; -0.6782365337347191 ; -0.03416968872119362 ; 0.4681710138434434 ; 0.02054808509837183)
 qmax epsboxes 29
solution([0.02146693096380489, 0.02162355682070856] ; [-0.5295114066284279, -0.5291832644823168] ; [0.03301571793343622, 0.03322562795259998] ; [0.1966134342693552, 0.1970917538843556] ; [-0.0002667345380412876, 5.551115123125783e-17] ; [-0.6781239491053293, -0.6778683702237114] ; [-0.03386141192406092, -0.03374836254358427] ; [0.4670757324021614, 0.4674501017344371] ; [0.0202005200736445, 0.02060550078094139]) psize 26 qposs 25 qvalid 24
 time 33.22582500001118
 nb boxes 20316
 depth 64
 valid point (0.02162355682070856 ; -0.5291832644823168 ; 0.03322562795259998 ; 0.1970917538843556 ; -0.0002264106464068652 ; -0.6779564945020339 ; -0.03374836254358427 ; 0.4674073419939391 ; 0.02035043595079322)
 best sol point (0.02162355682070856 ; -0.5291832644823168 ; 0.03322562795259998 ; 0.1970917538843556 ; -0.0002264106464068652 ; -0.6779564945020339 ; -0.03374836254358427 ; 0.4674073419939391 ; 0.02035043595079322)
 qmax epsboxes 29
solution([0.02125791509172637, 0.021677501001903] ; [-0.5291999218826807, -0.5284455866337121] ; [0.03157155196477215, 0.03220797401835919] ; [0.1961116463447065, 0.1988737822087166] ; [-0.0005961365356169366, 5.551115123125783e-17] ; [-0.6784716890743578, -0.6773956960502564] ; [-0.03349008884996859, -0.03314563036811936] ; [0.467121417406923, 0.4683448881610424] ; [0.01903512732525571, 0.0201494377604167]) psize 28 qposs 26 qvalid 25
 time 33.26844800001122
 nb boxes 20336
 depth 56
 valid point (0.02125791509172638 ; -0.5284455866337121 ; 0.03220797401835919 ; 0.1988737822087166 ; 5.551115123125783e-17 ; -0.677503568463182 ; -0.03316439072821571 ; 0.4682970474722907 ; 0.01972019271046162)
 best sol point (0.02125791509172638 ; -0.5284455866337121 ; 0.03220797401835919 ; 0.1988737822087166 ; 5.551115123125783e-17 ; -0.677503568463182 ; -0.03316439072821571 ; 0.4682970474722907 ; 0.01972019271046162)
 qmax epsboxes 29
solution([0.020629701690032, 0.02081226796733947] ; [-0.5278021058982734, -0.5270384054258263] ; [0.03272690135498185, 0.03322562795259998] ; [0.1961116463447065, 0.1970029437986273] ; [-0.0006540319913446262, -1.640758477690538e-05] ; [-0.6783754387374992, -0.6778860771025589] ; [-0.03330926326398673, -0.03314563036811936] ; [0.4690811422826944, 0.4696161593372104] ; [0.02001682774767511, 0.0202260632599643]) psize 26 qposs 26 qvalid 26
 time 33.5698390000115
 nb boxes 20498
 depth 58
 valid point (0.02081226796733947 ; -0.5270627537364991 ; 0.03322562795259998 ; 0.1970029437986273 ; -0.0003780547952736179 ; -0.6780229225986624 ; -0.03314563036811936 ; 0.4696161593372104 ; 0.02012818069890618)
 best sol point (0.02081226796733947 ; -0.5270627537364991 ; 0.03322562795259998 ; 0.1970029437986273 ; -0.0003780547952736179 ; -0.6780229225986624 ; -0.03314563036811936 ; 0.4696161593372104 ; 0.02012818069890618)
 qmax epsboxes 29
solution([0.01621677395587039, 0.01657281518405971] ; [-0.5233377975586613, -0.5218042806307719] ; [0.02571604484430896, 0.0262402907080946] ; [0.1878252387526767, 0.1905873746166868] ; [-0.001276313491471216, -0.0006859680329413296] ; [-0.681166969783528, -0.6801410746229843] ; [-0.02632831450434304, -0.02605668613744156] ; [0.4746787557345661, 0.4763684116920407] ; [0.01528013362937139, 0.0157416519188704]) psize 27 qposs 27 qvalid 27
 time 40.1691550000178
 nb boxes 24492
 depth 63
 valid point (0.01657281518405971 ; -0.5218042806307719 ; 0.0262402907080946 ; 0.1878252387526768 ; -0.0006859680329413296 ; -0.6810157569093209 ; -0.02619841838924254 ; 0.4762972508496799 ; 0.01560514143510746)
 best sol point (0.01657281518405971 ; -0.5218042806307719 ; 0.0262402907080946 ; 0.1878252387526768 ; -0.0006859680329413296 ; -0.6810157569093209 ; -0.02619841838924254 ; 0.4762972508496799 ; 0.01560514143510746)
 qmax epsboxes 30
solution([0.009300998323833379, 0.009337620185851652] ; [-0.2679271788089653, -0.2669871793577872] ; [0.01506367571682308, 0.01530903600276291] ; [-0.08966358166213933, -0.08838834764831839] ; [-0.000733962925926825, -8.36885328497136e-05] ; [-0.7015298134273712, -0.7010217034058464] ; [-0.01751986339336904, -0.0174320355280321] ; [0.6538986415293195, 0.6546492424238213] ; [0.007962274282021309, 0.008592973686563144]) psize 30 qposs 30 qvalid 28
 time 11361.6928737107
 nb boxes 8136416
 depth 57
 valid point (0.009337620185851652 ; -0.2669871793577872 ; 0.0152865261221018 ; -0.08838834764831839 ; -0.0007339629259268249 ; -0.7013590535202083 ; -0.0174320355280321 ; 0.6543781501466404 ; 0.008222650512813675)
 best sol point (0.009337620185851652 ; -0.2669871793577872 ; 0.0152865261221018 ; -0.08838834764831839 ; -0.0007339629259268249 ; -0.7013590535202083 ; -0.0174320355280321 ; 0.6543781501466404 ; 0.008222650512813675)
 qmax epsboxes 34
solution([0.01020176423171068, 0.0102630898552267] ; [-0.2800256555890637, -0.2797626056046573] ; [0.01606094732602174, 0.01657281518405977] ; [-0.07181553246425869, -0.0711249984982562] ; [-0.0003445119472231408, 5.551115123125783e-17] ; [-0.7034517464461782, -0.7033505007606365] ; [-0.01875694162807375, -0.01861652299567911] ; [0.6489067238801166, 0.6490201757959484] ; [0.009060872183272346, 0.00931368822535264]) psize 29 qposs 29 qvalid 29
 time 12115.78540289302
 nb boxes 8601078
 depth 68
 valid point (0.01022394090271531 ; -0.2800256555890636 ; 0.01656096841571797 ; -0.0711249984982562 ; -0.0003445119472231406 ; -0.7033505007606365 ; -0.01861652299567911 ; 0.6489329685682797 ; 0.009207424318627093)
 best sol point (0.01022394090271531 ; -0.2800256555890636 ; 0.01656096841571797 ; -0.0711249984982562 ; -0.0003445119472231406 ; -0.7033505007606365 ; -0.01861652299567911 ; 0.6489329685682797 ; 0.009207424318627093)
 qmax epsboxes 34
solution([0.009728698472942309, 0.009948672636791893] ; [-0.2556227532602744, -0.2543842949494306] ; [0.01519174725205478, 0.01657281518405977] ; [-0.0939126193763383, -0.09115048351232835] ; [-0.0008313573624451978, 5.551115123125783e-17] ; [-0.7007854057022041, -0.7003928011092079] ; [-0.01911668824893406, -0.01854789561396442] ; [0.6587307915405867, 0.6592092824451965] ; [0.008762901079490514, 0.009525769420308139]) psize 32 qposs 31 qvalid 30
 time 12294.21194493375
 nb boxes 8704660
 depth 59
 valid point (0.009948672636791893 ; -0.2546755016109397 ; 0.01657281518405977 ; -0.09391261937633829 ; -0.0005996788685830008 ; -0.7006036257964847 ; -0.01911668824893405 ; 0.6592092824451965 ; 0.008935939514510782)
 best sol point (0.009948672636791893 ; -0.2546755016109397 ; 0.01657281518405977 ; -0.09391261937633829 ; -0.0005996788685830008 ; -0.7006036257964847 ; -0.01911668824893405 ; 0.6592092824451965 ; 0.008935939514510782)
 qmax epsboxes 34
Number of branches : 13567124
time used : 17474.34461214466
 remaining small boxes  792001 max possible inliers in small boxes 34
 best sol point 0.009948672636791893 -0.2546755016109397 0.01657281518405977 -0.09391261937633829 -0.0005996788685830008 -0.7006036257964847 -0.01911668824893405 0.6592092824451965 0.008935939514510782 
 nb inliers 30
0  1  2  3  5  6  7  9  10  11  12  13  14  15  16  18  19  20  21  22  23  24  25  26  28  29  30  32  34  35  
essential (([-1.683523196592283e-06, 0.0001983164768034225] ; [-5.899413574165783e-05, 0.0001410058642587031] ; [-0.0001455966382903032, 5.440336170972113e-05])
([-0.0001072089389903849, 9.279106100967799e-05] ; [-0.0001957589965723798, 4.241003427627163e-06] ; [-0.0001982530244929534, 1.746975507513655e-06])
([-4.516536355936921e-05, 0.0001548346364406486] ; [-0.0001895601897189514, 1.043981028164546e-05] ; [-1.61160001012246e-05, 0.0001838839998987896]))determinant [-0.0001561437745147738, 4.385622548523016e-05] time used 17474.34461214466  
 total branch number 13567124
