essential_test4.txt
 fin lecture 
 p 36
 avant lecture 
 apres lecture 
ctc2 size 36
 apres contraintes 
0.0121462  -0.149517  0.0272993  -0.138859  0.00147601  -0.69268  -0.0281015  0.690426  0.0136108  
0 0.707107
-0.707106 0.707107
-0.707106 0.707107
-0.707106 0.707107
-0.707106 0.707107
-0.707106 0.707107
-0.707106 0.707107
-0.707106 0.707107
-0.707106 0.707107
 box ([0, 0.7071067811865476] ; [-0.7071067811865475, 0.7071067811865476] ; [-0.7071067811865475, 0.7071067811865476] ; [-0.7071067811865475, 0.7071067811865476] ; [-0.7071067811865475, 0.7071067811865476] ; [-0.7071067811865475, 0.7071067811865476] ; [-0.7071067811865475, 0.7071067811865476] ; [-0.7071067811865475, 0.7071067811865476] ; [-0.7071067811865475, 0.7071067811865476])
 Q 10
 nobs 36
 nobs 36
 solution 4 24
 avant solver ([0, 0.7071067811865476] ; [-0.7071067811865475, 0.7071067811865476] ; [-0.7071067811865475, 0.7071067811865476] ; [-0.7071067811865475, 0.7071067811865476] ; [-0.7071067811865475, 0.7071067811865476] ; [-0.7071067811865475, 0.7071067811865476] ; [-0.7071067811865475, 0.7071067811865476] ; [-0.7071067811865475, 0.7071067811865476] ; [-0.7071067811865475, 0.7071067811865476])
 nb inliers 36
 apres solver 
box init ([0, 0.7071067811865476] ; [-0.7071067811865475, 0.7071067811865476] ; [-0.7071067811865475, 0.7071067811865476] ; [-0.7071067811865475, 0.7071067811865476] ; [-0.7071067811865475, 0.7071067811865476] ; [-0.7071067811865475, 0.7071067811865476] ; [-0.7071067811865475, 0.7071067811865476] ; [-0.7071067811865475, 0.7071067811865476] ; [-0.7071067811865475, 0.7071067811865476])
essential (([-8.83893476483185, 9.192488155425125] ; [-9.192488155425123, 9.192488155425125] ; [-9.192488155425123, 9.192488155425125])
([-9.546041546018398, 9.546041546018398] ; [-9.546041546018398, 9.546041546018398] ; [-9.546041546018398, 9.546041546018398])
([-9.546041546018398, 9.546041546018398] ; [-9.546041546018398, 9.546041546018398] ; [-9.546041546018398, 9.546041546018398]))
 box apres essential  ([0, 0.7071067811865476] ; [-0.7071067811865475, 0.7071067811865476] ; [-0.7071067811865475, 0.7071067811865476] ; [-0.7071067811865475, 0.7071067811865476] ; [-0.7071067811865475, 0.7071067811865476] ; [-0.7071067811865475, 0.7071067811865476] ; [-0.7071067811865475, 0.7071067811865476] ; [-0.7071067811865475, 0.7071067811865476] ; [-0.7071067811865475, 0.7071067811865476])
 box apres ctcnorm  ([0, 0.7071067811865476] ; [-0.7071067811865475, 0.7071067811865476] ; [-0.7071067811865475, 0.7071067811865476] ; [-0.7071067811865475, 0.7071067811865476] ; [-0.7071067811865475, 0.7071067811865476] ; [-0.7071067811865475, 0.7071067811865476] ; [-0.7071067811865475, 0.7071067811865476] ; [-0.7071067811865475, 0.7071067811865476] ; [-0.7071067811865475, 0.7071067811865476])
essential apres contract (([-8.83893476483185, 9.192488155425125] ; [-9.192488155425123, 9.192488155425125] ; [-9.192488155425123, 9.192488155425125])
([-9.546041546018398, 9.546041546018398] ; [-9.546041546018398, 9.546041546018398] ; [-9.546041546018398, 9.546041546018398])
([-9.546041546018398, 9.546041546018398] ; [-9.546041546018398, 9.546041546018398] ; [-9.546041546018398, 9.546041546018398]))
determinant [-2.121420343559644, 2.121420343559644] point size 36
solution([0.0110485434560398, 0.01381067932004976] ; [-0.1546796083845573, -0.1436310649285174] ; [0.02209708691207966, 0.03314563036811948] ; [-0.1433639980886633, -0.1325825214724776] ; [5.551115123125782e-17, 0.007359023435283826] ; [-0.6948840618051553, -0.6907691144408254] ; [-0.03314563036811937, -0.02209708691207955] ; [0.688244098028546, 0.6926809368284145] ; [0.009438412007246344, 0.01682109806167615]) psize 31 q1 31 q2 2
 time 0.1198440000000003
 nb boxes 112
 depth 57
 valid point (0.01196210790302884 ; -0.1447706299084932 ; 0.03314563036811948 ; -0.1325825214724776 ; 0.004647331873193047 ; -0.6935949592846091 ; -0.02384822770143018 ; 0.6915637850848602 ; 0.01682109806167615)
 best sol point (0.01196210790302884 ; -0.1447706299084932 ; 0.03314563036811948 ; -0.1325825214724776 ; 0.004647331873193047 ; -0.6935949592846091 ; -0.02384822770143018 ; 0.6915637850848602 ; 0.01682109806167615)
solution([0.0110485434560398, 0.01381067932004976] ; [-0.1546796083845573, -0.1436310649285174] ; [0.02209708691207966, 0.02762135864009957] ; [-0.1433639980886633, -0.1325825214724776] ; [5.551115123125782e-17, 0.007119817849569087] ; [-0.6947855602391003, -0.6910922460100477] ; [-0.03314563036811937, -0.02209708691207955] ; [0.6883534923273118, 0.6925459088215746] ; [0.009680403951805794, 0.01682109806167615]) psize 31 q1 31 q2 3
 time 0.1227410000000003
 nb boxes 114
 depth 58
 valid point (0.01105995056833997 ; -0.1436310649285174 ; 0.02762135864009957 ; -0.1325825214724776 ; 5.551115123125783e-17 ; -0.6939222119715573 ; -0.02552416307220453 ; 0.6918127851577743 ; 0.01103931364304433)
 best sol point (0.01105995056833997 ; -0.1436310649285174 ; 0.02762135864009957 ; -0.1325825214724776 ; 5.551115123125783e-17 ; -0.6939222119715573 ; -0.02552416307220453 ; 0.6918127851577743 ; 0.01103931364304433)
solution([0.0110485434560398, 0.01381067932004976] ; [-0.1546796083845573, -0.1491553366565373] ; [0.02209708691207966, 0.02762135864009957] ; [-0.1433639980886633, -0.1325825214724776] ; [5.551115123125782e-17, 0.006315081405189044] ; [-0.6946319095718188, -0.6912483065029011] ; [-0.03314563036811937, -0.02762135864009945] ; [0.6884814654773384, 0.6910585950521259] ; [0.01032790244456312, 0.01682109806167615]) psize 31 q1 31 q2 17
 time 0.1278340000000003
 nb boxes 118
 depth 60
 valid point (0.01377071615068333 ; -0.1503394293502342 ; 0.02762135864009957 ; -0.1433639980886632 ; 0.003204102247701981 ; -0.6917149955017327 ; -0.03314563036811936 ; 0.6899677994795004 ; 0.01682109806167615)
 best sol point (0.01377071615068333 ; -0.1503394293502342 ; 0.02762135864009957 ; -0.1433639980886632 ; 0.003204102247701981 ; -0.6917149955017327 ; -0.03314563036811936 ; 0.6899677994795004 ; 0.01682109806167615)
solution([0.0110485434560398, 0.01381067932004976] ; [-0.1546796083845573, -0.1491553366565373] ; [0.02209708691207966, 0.02762135864009957] ; [-0.1433639980886633, -0.1379732597805704] ; [5.551115123125782e-17, 0.006046124136144199] ; [-0.6935502590223784, -0.6912619462104646] ; [-0.03314563036811937, -0.02762135864009945] ; [0.6885266099547776, 0.6910174815467044] ; [0.0105815299550023, 0.01682109806167615]) psize 31 q1 31 q2 18
 time 0.1305980000000003
 nb boxes 120
 depth 61
 valid point (0.01108451711219279 ; -0.1491553366565373 ; 0.02209708691207967 ; -0.1433639980886632 ; 0.002835369177615709 ; -0.6919621217100324 ; -0.02762135864009945 ; 0.6905158395574518 ; 0.01391953052788897)
 best sol point (0.01108451711219279 ; -0.1491553366565373 ; 0.02209708691207967 ; -0.1433639980886632 ; 0.002835369177615709 ; -0.6919621217100324 ; -0.02762135864009945 ; 0.6905158395574518 ; 0.01391953052788897)
solution([0.0110485434560398, 0.01381067932004976] ; [-0.1546796083845573, -0.1491553366565373] ; [0.02209708691207966, 0.02762135864009957] ; [-0.1433639980886633, -0.1379732597805704] ; [5.551115123125782e-17, 0.00300062798075095] ; [-0.6934959759316394, -0.6913528925958418] ; [-0.03314563036811937, -0.02762135864009945] ; [0.6886111972598094, 0.6909720012132104] ; [0.01059911608970989, 0.01370131400833923]) psize 31 q1 31 q2 19
 time 0.1349820000000004
 nb boxes 122
 depth 62
 valid point (0.01141362104643286 ; -0.1546796083845572 ; 0.02209708691207967 ; -0.1433639980886632 ; 0.002364317419429688 ; -0.6919753910305801 ; -0.02762135864009945 ; 0.6893001894453786 ; 0.01370131400833923)
 best sol point (0.01141362104643286 ; -0.1546796083845572 ; 0.02209708691207967 ; -0.1433639980886632 ; 0.002364317419429688 ; -0.6919753910305801 ; -0.02762135864009945 ; 0.6893001894453786 ; 0.01370131400833923)
solution([0.01131625443584731, 0.01381067932004976] ; [-0.1546796083845573, -0.1491553366565373] ; [0.02485922277608961, 0.02762135864009957] ; [-0.1433639980886633, -0.1379732597805704] ; [5.551115123125782e-17, 0.003009422334438036] ; [-0.6933584993912616, -0.6913145416436033] ; [-0.03314563036811937, -0.02762135864009945] ; [0.6886124826611581, 0.6909288421159602] ; [0.01370131400833922, 0.01682109806167615]) psize 31 q1 31 q2 20
 time 0.2180420000000005
 nb boxes 156
 depth 64
 valid point (0.01140613223218122 ; -0.1491553366565373 ; 0.02485922277608962 ; -0.1379732597805704 ; 0.002182611819953792 ; -0.6929052707077303 ; -0.02762135864009945 ; 0.6905166015420237 ; 0.01370131400833923)
 best sol point (0.01140613223218122 ; -0.1491553366565373 ; 0.02485922277608962 ; -0.1379732597805704 ; 0.002182611819953792 ; -0.6929052707077303 ; -0.02762135864009945 ; 0.6905166015420237 ; 0.01370131400833923)
solution([0.0110485434560398, 0.01307166599908368] ; [-0.1546796083845573, -0.1491553366565373] ; [0.02209708691207966, 0.02762135864009957] ; [-0.1379732597805705, -0.1325825214724776] ; [5.551115123125782e-17, 0.003121287090878399] ; [-0.694543690612865, -0.6924627937358913] ; [-0.03038349450410942, -0.02762135864009945] ; [0.6887636792195528, 0.6909514564410642] ; [0.01036117753293506, 0.01358528177448992]) psize 31 q1 31 q2 22
 time 0.3619790000000012
 nb boxes 218
 depth 63
 valid point (0.01126687510262548 ; -0.1491553366565373 ; 0.02515756118759892 ; -0.1325825214724776 ; 0.002355601496551363 ; -0.6939939291863088 ; -0.02762135864009945 ; 0.6905280173010005 ; 0.01358528177448992)
 best sol point (0.01126687510262548 ; -0.1491553366565373 ; 0.02515756118759892 ; -0.1325825214724776 ; 0.002355601496551363 ; -0.6939939291863088 ; -0.02762135864009945 ; 0.6905280173010005 ; 0.01358528177448992)
solution([0.01118418751202753, 0.01381067932004976] ; [-0.1767766952966369, -0.1712524235686169] ; [0.02762135864009956, 0.03314563036811948] ; [-0.1381067932004976, -0.1325825214724776] ; [5.551115123125782e-17, 0.002497452386420962] ; [-0.6942687250061904, -0.6922040051907523] ; [-0.02706334327507093, -0.02209708691207955] ; [0.6836256831732291, 0.6859862584867988] ; [0.01150604029677326, 0.01410404228318716]) psize 31 q1 31 q2 23
 time 142.955385000163
 nb boxes 63548
 depth 62
 valid point (0.01189278656263008 ; -0.1767587011354726 ; 0.02762135864009957 ; -0.1381067932004975 ; 5.551115123125783e-17 ; -0.692816350177968 ; -0.02209708691207955 ; 0.6842071723271191 ; 0.01216458979698606)
 best sol point (0.01189278656263008 ; -0.1767587011354726 ; 0.02762135864009957 ; -0.1381067932004975 ; 5.551115123125783e-17 ; -0.692816350177968 ; -0.02209708691207955 ; 0.6842071723271191 ; 0.01216458979698606)
solution([0.0110485434560398, 0.01146302667182927] ; [-0.1767766952966369, -0.1742196268226795] ; [0.01964469869036968, 0.02209708691207967] ; [-0.1187718421524279, -0.1160097062884179] ; [5.551115123125782e-17, 0.003258896629255508] ; [-0.6974374508008315, -0.6963177468687572] ; [-0.02703091600657843, -0.02541943265347687] ; [0.6836938009717274, 0.6849966500192533] ; [0.009949394317834753, 0.0131521247302309]) psize 31 q1 31 q2 24
 time 302.8520450007702
 nb boxes 136878
 depth 62
 valid point (0.01104854345603981 ; -0.1742196268226795 ; 0.02209708691207967 ; -0.1160097062884179 ; 0.002527820750817755 ; -0.6970681724077574 ; -0.02703091600657842 ; 0.6847202953359857 ; 0.0131521247302309)
 best sol point (0.01104854345603981 ; -0.1742196268226795 ; 0.02209708691207967 ; -0.1160097062884179 ; 0.002527820750817755 ; -0.6970681724077574 ; -0.02703091600657842 ; 0.6847202953359857 ; 0.0131521247302309)
solution([0.01109966226375603, 0.01381067932004976] ; [-0.1767766952966369, -0.1714968581488462] ; [0.02209708691207966, 0.02762135864009957] ; [-0.1270582497444578, -0.1215339780164378] ; [5.551115123125782e-17, 0.003072125626977638] ; [-0.6965153049285047, -0.6945795628552509] ; [-0.03321442488930568, -0.02772455042187893] ; [0.683327315099008, 0.6857146842195016] ; [0.01070886803124629, 0.01389587296206099]) psize 31 q1 31 q2 25
 time 335.4153900009585
 nb boxes 151904
 depth 63
 valid point (0.01197845800013695 ; -0.1767766952966368 ; 0.02394106131922254 ; -0.1215339780164378 ; 0.002234264390127486 ; -0.696049245178242 ; -0.02772455042187893 ; 0.6839656985206566 ; 0.01389587296206099)
 best sol point (0.01197845800013695 ; -0.1767766952966368 ; 0.02394106131922254 ; -0.1215339780164378 ; 0.002234264390127486 ; -0.696049245178242 ; -0.02772455042187893 ; 0.6839656985206566 ; 0.01389587296206099)
solution([0.02549104379448341, 0.02830073322653863] ; [-0.3535533905932738, -0.3497600741548237] ; [0.04143203796014932, 0.04419417382415928] ; [-0.0082864075920298, -0.005524271728019847] ; [5.551115123125782e-17, 0.003652483454938395] ; [-0.7056480988350574, -0.7049381775363102] ; [-0.04776758073185332, -0.04419417382415916] ; [0.6096341629049961, 0.6126428329244335] ; [0.02397072244583497, 0.02813195751173379]) psize 32 q1 32 q2 26
 time 2208.303675052842
 nb boxes 1330610
 depth 60
 valid point (0.02830073322653863 ; -0.3535533905932737 ; 0.04419417382415928 ; -0.008286407592029799 ; 0.001357950357917823 ; -0.7051313104240202 ; -0.04772448232735075 ; 0.6098597052186175 ; 0.02795540438058688)
 best sol point (0.02830073322653863 ; -0.3535533905932737 ; 0.04419417382415928 ; -0.008286407592029799 ; 0.001357950357917823 ; -0.7051313104240202 ; -0.04772448232735075 ; 0.6098597052186175 ; 0.02795540438058688)
solution([0.02345954964207685, 0.02622299306725696] ; [-0.3498549840090012, -0.3472873071195913] ; [0.03866990209613938, 0.04143203796014933] ; [-0.01104854345603976, -0.008286407592029799] ; [5.551115123125782e-17, 0.004204818413325433] ; [-0.7057965254230491, -0.705070403628485] ; [-0.04419417382415917, -0.04059605498630304] ; [0.6121205122929932, 0.6135877103231835] ; [0.02336626909994231, 0.02815831743590626]) psize 32 q1 32 q2 27
 time 2225.391124053937
 nb boxes 1341614
 depth 58
 valid point (0.02391693759044692 ; -0.3498549840090011 ; 0.03866990209613939 ; -0.01104854345603975 ; 0.0004204213587034614 ; -0.7055835461108292 ; -0.04059605498630304 ; 0.6127045989185827 ; 0.02336626909994232)
 best sol point (0.02391693759044692 ; -0.3498549840090011 ; 0.03866990209613939 ; -0.01104854345603975 ; 0.0004204213587034614 ; -0.7055835461108292 ; -0.04059605498630304 ; 0.6127045989185827 ; 0.02336626909994232)
solution([0.01051870800452198, 0.01104854345603981] ; [-0.2811738075420065, -0.2775162383687897] ; [0.01657281518405976, 0.01933495104806972] ; [-0.07181553246425869, -0.06905339660024872] ; [5.551115123125782e-17, 0.002439691535194272] ; [-0.7036655476391175, -0.7028991625480962] ; [-0.02143061634137293, -0.02021505426738884] ; [0.6481591375980644, 0.6501820444210772] ; [0.009370151312343507, 0.01202161762463244]) psize 33 q1 33 q2 28
 time 2273.080850057012
 nb boxes 1372496
 depth 61
 valid point (0.01055914446724267 ; -0.2775162383687897 ; 0.01657281518405977 ; -0.06905339660024872 ; 5.551115123125783e-17 ; -0.7034611270068678 ; -0.02021505426738884 ; 0.650030024804251 ; 0.009430137059369546)
 best sol point (0.01055914446724267 ; -0.2775162383687897 ; 0.01657281518405977 ; -0.06905339660024872 ; 5.551115123125783e-17 ; -0.7034611270068678 ; -0.02021505426738884 ; 0.650030024804251 ; 0.009430137059369546)
Number of branches : 10773716
time used : 11461.768256332
 remaining small boxes  344717 max possible inliers in small boxes 36
 best sol point 0.01055914446724267 -0.2775162383687897 0.01657281518405977 -0.06905339660024872 5.551115123125783e-17 -0.7034611270068678 -0.02021505426738884 0.650030024804251 0.009430137059369546 
ctc2 size 36
 nobs 36
 nobs 36
 nb inliers 36
essential (([-1.878388100334085e-05, 0.0001812161189966757] ; [-0.0001235233148365433, 7.647668516390086e-05] ; [-8.349704255308502e-05, 0.0001165029574469432])
([-9.375877579196979e-05, 0.0001062412242080919] ; [-3.402471229236168e-05, 0.0001659752877076453] ; [-3.809900427380717e-05, 0.0001619009957268179])
([-7.45084105383518e-05, 0.0001254915894616721] ; [-4.240482831260598e-05, 0.0001575951716881435] ; [-0.0001641169287090532, 3.588307129096247e-05]))determinant [-0.000142646191958855, 5.735380804115024e-05] time used 11461.768256332  
 total branch number 10773716
