essential_test4.txt
 fin lecture 
 p 36
 avant lecture 
 apres lecture 
 apres contraintes 
0.0121462  -0.149517  0.0272993  -0.138859  0.00147601  -0.69268  -0.0281015  0.690426  0.0136108  
0 0.707107
-0.707106 0.707107
-0.707106 0.707107
-0.707106 0.707107
-0.707106 0.707107
-0.707106 0.707107
-0.707106 0.707107
-0.707106 0.707107
-0.707106 0.707107
 box ([0, 0.7071067811865476] ; [-0.7071067811865475, 0.7071067811865476] ; [-0.7071067811865475, 0.7071067811865476] ; [-0.7071067811865475, 0.7071067811865476] ; [-0.7071067811865475, 0.7071067811865476] ; [-0.7071067811865475, 0.7071067811865476] ; [-0.7071067811865475, 0.7071067811865476] ; [-0.7071067811865475, 0.7071067811865476] ; [-0.7071067811865475, 0.7071067811865476] ; [0, 1e-20])
 Q 10
 nobs 36
 nobs 36
 avant solver ([0, 0.7071067811865476] ; [-0.7071067811865475, 0.7071067811865476] ; [-0.7071067811865475, 0.7071067811865476] ; [-0.7071067811865475, 0.7071067811865476] ; [-0.7071067811865475, 0.7071067811865476] ; [-0.7071067811865475, 0.7071067811865476] ; [-0.7071067811865475, 0.7071067811865476] ; [-0.7071067811865475, 0.7071067811865476] ; [-0.7071067811865475, 0.7071067811865476] ; [0, 1e-20])
 nb inliers 0
 apres solver 
box init ([0, 0.7071067811865476] ; [-0.7071067811865475, 0.7071067811865476] ; [-0.7071067811865475, 0.7071067811865476] ; [-0.7071067811865475, 0.7071067811865476] ; [-0.7071067811865475, 0.7071067811865476] ; [-0.7071067811865475, 0.7071067811865476] ; [-0.7071067811865475, 0.7071067811865476] ; [-0.7071067811865475, 0.7071067811865476] ; [-0.7071067811865475, 0.7071067811865476] ; [0, 1e-20])
essential (([-8.83893476483185, 9.192488155425125] ; [-9.192488155425123, 9.192488155425125] ; [-9.192488155425123, 9.192488155425125])
([-9.546041546018398, 9.546041546018398] ; [-9.546041546018398, 9.546041546018398] ; [-9.546041546018398, 9.546041546018398])
([-9.546041546018398, 9.546041546018398] ; [-9.546041546018398, 9.546041546018398] ; [-9.546041546018398, 9.546041546018398]))
 box apres essential  ([0, 0.7071067811865476] ; [-0.7071067811865475, 0.7071067811865476] ; [-0.7071067811865475, 0.7071067811865476] ; [-0.7071067811865475, 0.7071067811865476] ; [-0.7071067811865475, 0.7071067811865476] ; [-0.7071067811865475, 0.7071067811865476] ; [-0.7071067811865475, 0.7071067811865476] ; [-0.7071067811865475, 0.7071067811865476] ; [-0.7071067811865475, 0.7071067811865476] ; [0, 1e-20])
 box apres ctcnorm  ([0, 0.7071067811865476] ; [-0.7071067811865475, 0.7071067811865476] ; [-0.7071067811865475, 0.7071067811865476] ; [-0.7071067811865475, 0.7071067811865476] ; [-0.7071067811865475, 0.7071067811865476] ; [-0.7071067811865475, 0.7071067811865476] ; [-0.7071067811865475, 0.7071067811865476] ; [-0.7071067811865475, 0.7071067811865476] ; [-0.7071067811865475, 0.7071067811865476] ; [0, 1e-20])
essential apres contract (([-8.83893476483185, 9.192488155425125] ; [-9.192488155425123, 9.192488155425125] ; [-9.192488155425123, 9.192488155425125])
([-9.546041546018398, 9.546041546018398] ; [-9.546041546018398, 9.546041546018398] ; [-9.546041546018398, 9.546041546018398])
([-9.546041546018398, 9.546041546018398] ; [-9.546041546018398, 9.546041546018398] ; [-9.546041546018398, 9.546041546018398]))
determinant [-2.121420343559644, 2.121420343559644] point size 36
solution([0.0110485434560398, 0.01520543582708014] ; [-0.1546796083845573, -0.1491553366565373] ; [0.02209708691207966, 0.03314563036811948] ; [-0.1419584192903303, -0.1325825214724776] ; [5.551115123125782e-17, 0.007213380776875418] ; [-0.6947632095205399, -0.6914405175988093] ; [-0.03314563036811937, -0.02209708691207955] ; [0.6883095624404232, 0.6914259757167896] ; [0.00971317286705429, 0.01695472403229799] ; [0, 1e-20]) psize 31 q1 31 q2 1
 time 0.2261940000000006
 nb boxes 122
 depth 62
 valid point (0.01104854345603981 ; -0.1498872522594384 ; 0.02209708691207968 ; -0.1329825376067326 ; 5.551115123125783e-17 ; -0.6940385970734193 ; -0.02960724058840585 ; 0.6902745654469591 ; 0.01092017576609764 ; 0)
 best sol point (0.01104854345603981 ; -0.1498872522594384 ; 0.02209708691207968 ; -0.1329825376067326 ; 5.551115123125783e-17 ; -0.6940385970734193 ; -0.02960724058840585 ; 0.6902745654469591 ; 0.01092017576609764 ; 0)
 qmax epsboxes 0
solution([0.0110485434560398, 0.01519276356323653] ; [-0.1546796083845573, -0.1491553366565373] ; [0.02762135864009956, 0.03314563036811948] ; [-0.1419584192903303, -0.1325825214724776] ; [5.551115123125782e-17, 0.006836103864784557] ; [-0.6944444638248279, -0.6914405175988093] ; [-0.03314563036811937, -0.02209708691207955] ; [0.6884509311579091, 0.6913504749929052] ; [0.01008728215148241, 0.01695472403229799] ; [0, 1e-20]) psize 30 q1 30 q2 18
 time 0.2332930000000006
 nb boxes 124
 depth 63
 valid point (0.01340352431417645 ; -0.1544043189443993 ; 0.02762135864009957 ; -0.1328003923997328 ; 0.00368129894973147 ; -0.693796989090947 ; -0.03314563036811936 ; 0.6890381048420078 ; 0.01695472403229799 ; 0)
 best sol point (0.01340352431417645 ; -0.1544043189443993 ; 0.02762135864009957 ; -0.1328003923997328 ; 0.00368129894973147 ; -0.693796989090947 ; -0.03314563036811936 ; 0.6890381048420078 ; 0.01695472403229799 ; 0)
 qmax epsboxes 0
solution([0.0110485434560398, 0.01491515224441957] ; [-0.1546796083845573, -0.1491553366565373] ; [0.02762135864009956, 0.03314563036811948] ; [-0.137270470381404, -0.1325825214724776] ; [5.551115123125782e-17, 0.003373170370581137] ; [-0.694394793406012, -0.6922000302482305] ; [-0.03314563036811937, -0.02209708691207955] ; [0.6885305549343526, 0.6912725472234826] ; [0.01027218932351198, 0.01695472403229799] ; [0, 1e-20]) psize 30 q1 30 q2 19
 time 0.3572780000000011
 nb boxes 166
 depth 65
 valid point (0.01391621174115574 ; -0.1546796083845572 ; 0.02944117719557793 ; -0.136344366871384 ; 0.003110864093068154 ; -0.6930504756043656 ; -0.03314563036811936 ; 0.6890076250758664 ; 0.01695472403229799 ; 1e-20)
 best sol point (0.01391621174115574 ; -0.1546796083845572 ; 0.02944117719557793 ; -0.136344366871384 ; 0.003110864093068154 ; -0.6930504756043656 ; -0.03314563036811936 ; 0.6890076250758664 ; 0.01695472403229799 ; 1e-20)
 qmax epsboxes 31
solution([0.0110485434560398, 0.01180742713928659] ; [-0.1652398633164054, -0.1615946085881506] ; [0.01825745233528068, 0.02209708691207967] ; [-0.1410914451089107, -0.1325825214724776] ; [5.551115123125782e-17, 0.005644482778828456] ; [-0.6945748536749232, -0.6920249404912446] ; [-0.02675649005564207, -0.02346572186808388] ; [0.6873866557007595, 0.6882312500819647] ; [0.01028453582152418, 0.01409538888152155] ; [0, 1e-20]) psize 31 q1 29 q2 20
 time 6.087598000000412
 nb boxes 3432
 depth 58
 valid point (0.01104854345603981 ; -0.1615946085881506 ; 0.02209708691207967 ; -0.1325825214724776 ; 0.00178679674424849 ; -0.6941399463565922 ; -0.02675649005564206 ; 0.6877649722138124 ; 0.0127165363155782 ; 1e-20)
 best sol point (0.01104854345603981 ; -0.1615946085881506 ; 0.02209708691207967 ; -0.1325825214724776 ; 0.00178679674424849 ; -0.6941399463565922 ; -0.02675649005564206 ; 0.6877649722138124 ; 0.0127165363155782 ; 1e-20)
 qmax epsboxes 31
solution([0.005524271728019902, 0.005844394437543563] ; [-0.1661988814492793, -0.1635483508987016] ; [0.006238687349913698, 0.007888868965853485] ; [-0.1368386763621324, -0.1325825214724776] ; [5.551115123125782e-17, 0.001142624250811635] ; [-0.6948109151847248, -0.6933948181335657] ; [-0.0160784034234166, -0.0147314121824495] ; [0.6873866557007595, 0.6880212435044581] ; [0.004557539045378182, 0.005315039176958413] ; [0, 1e-20]) psize 26 q1 26 q2 21
 time 8.905678000000866
 nb boxes 5062
 depth 63
 valid point (0.005524271728019903 ; -0.1653466066591896 ; 0.007888868965853485 ; -0.1325825214724776 ; 5.556536133988211e-17 ; -0.6944930930551762 ; -0.01530654671866813 ; 0.6873866557007596 ; 0.00497179886575235 ; 1e-20)
 best sol point (0.005524271728019903 ; -0.1653466066591896 ; 0.007888868965853485 ; -0.1325825214724776 ; 5.556536133988211e-17 ; -0.6944930930551762 ; -0.01530654671866813 ; 0.6873866557007596 ; 0.00497179886575235 ; 1e-20)
 qmax epsboxes 32
solution([0.005524271728019902, 0.005819535845981844] ; [-0.171252423568617, -0.1684902877046069] ; [0.006460008727121984, 0.007865248366892987] ; [-0.1372313321495844, -0.1325825214724776] ; [5.551115123125782e-17, 0.0007648448167112596] ; [-0.6948018430389625, -0.6933382832608065] ; [-0.01549456899585749, -0.01430282824611864] ; [0.6855674137498145, 0.6868206681389945] ; [0.004547949395289412, 0.005228545955683985] ; [0, 1e-20]) psize 26 q1 26 q2 22
 time 18.25954900000375
 nb boxes 10562
 depth 65
 valid point (0.005654369926135961 ; -0.1684902877046069 ; 0.007865248366892987 ; -0.1325825214724776 ; 5.551115123125783e-17 ; -0.6944931041813005 ; -0.01549456899585748 ; 0.6866221363752232 ; 0.005051804723148496 ; 1e-20)
 best sol point (0.005654369926135961 ; -0.1684902877046069 ; 0.007865248366892987 ; -0.1325825214724776 ; 5.551115123125783e-17 ; -0.6944931041813005 ; -0.01549456899585748 ; 0.6866221363752232 ; 0.005051804723148496 ; 1e-20)
 qmax epsboxes 32
solution([0.01792116833481209, 0.02032907927261913] ; [-0.1688021964862162, -0.1645233379840008] ; [0.03314563036811947, 0.03866990209613939] ; [-0.123465720858163, -0.1208398884759893] ; [0.005127119711447527, 0.009652506496953605] ; [-0.6952719890796624, -0.6944103775056554] ; [-0.04939514912165736, -0.04419417382415916] ; [0.6852863336730146, 0.6863403924075698] ; [0.02387748759855105, 0.02608597731402751] ; [0, 1e-20]) psize 29 q1 28 q2 23
 time 46.93515100002535
 nb boxes 27304
 depth 62
 valid point (0.01869431666777296 ; -0.1671694036088738 ; 0.03866990209613939 ; -0.1234657208581629 ; 0.005581867538313295 ; -0.6948308719006361 ; -0.04419417382415916 ; 0.6852863336730147 ; 0.02387748759855106 ; 1e-20)
 best sol point (0.01869431666777296 ; -0.1671694036088738 ; 0.03866990209613939 ; -0.1234657208581629 ; 0.005581867538313295 ; -0.6948308719006361 ; -0.04419417382415916 ; 0.6852863336730147 ; 0.02387748759855106 ; 1e-20)
 qmax epsboxes 32
solution([0.005524271728019902, 0.006593717433384835] ; [-0.1767766952966369, -0.1752104199312661] ; [0.008066451868917894, 0.01104854345603987] ; [-0.1201403287602068, -0.1104854345603979] ; [5.551115123125782e-17, 0.001551955362915367] ; [-0.6986635386015106, -0.6965626318195295] ; [-0.01642282835824015, -0.01242404311985106] ; [0.6841007052854334, 0.6844995851320412] ; [0.004309704681459991, 0.00583587071591876] ; [0, 1e-20]) psize 30 q1 29 q2 24
 time 51.61083300002975
 nb boxes 29954
 depth 62
 valid point (0.005524271728019903 ; -0.176335261896963 ; 0.008066451868917895 ; -0.1201403287602067 ; 5.551115123125783e-17 ; -0.6967784728939947 ; -0.01479032144974563 ; 0.6844995851320412 ; 0.004799916217216371 ; 0)
 best sol point (0.005524271728019903 ; -0.176335261896963 ; 0.008066451868917895 ; -0.1201403287602067 ; 5.551115123125783e-17 ; -0.6967784728939947 ; -0.01479032144974563 ; 0.6844995851320412 ; 0.004799916217216371 ; 0)
 qmax epsboxes 32
solution([0.0176043398243631, 0.01888116717819033] ; [-0.2711883690973948, -0.2651650429449552] ; [0.03140811858044711, 0.03963008906334335] ; [-0.09675983831219213, -0.08838834764831839] ; [5.551115123125782e-17, 0.003783441326977272] ; [-0.7009092404947967, -0.6989764164862725] ; [-0.035032690920326, -0.03199199391849537] ; [0.6516027605875873, 0.6547942934249286] ; [0.0180795826780347, 0.02114107642930863] ; [0, 1e-20]) psize 30 q1 30 q2 26
 time 3811.900985152297
 nb boxes 2251492
 depth 59
 valid point (0.01833411318798753 ; -0.2711883690973947 ; 0.03140811858044712 ; -0.090565382925025 ; 5.551115123125783e-17 ; -0.7003345149298416 ; -0.03199199391849537 ; 0.6519915340425171 ; 0.01819847581739282 ; 1e-20)
 best sol point (0.01833411318798753 ; -0.2711883690973947 ; 0.03140811858044712 ; -0.090565382925025 ; 5.551115123125783e-17 ; -0.7003345149298416 ; -0.03199199391849537 ; 0.6519915340425171 ; 0.01819847581739282 ; 1e-20)
 qmax epsboxes 34
solution([0.01903016875839083, 0.0207039121318591] ; [-0.3279938884952216, -0.3260769544971561] ; [0.03240194602634691, 0.03314563036811948] ; [-0.03314563036811937, -0.02762135864009945] ; [5.551115123125782e-17, 0.006401250647963366] ; [-0.7059902959263227, -0.7048504592377657] ; [-0.03500637182117672, -0.03352413601046586] ; [0.6248299397746557, 0.6258359312407547] ; [0.01968320764497421, 0.02010295042869751] ; [0, 1e-20]) psize 32 q1 32 q2 27
 time 3870.917470155874
 nb boxes 2285082
 depth 61
 valid point (0.02041323385495634 ; -0.3264650905653201 ; 0.03314563036811948 ; -0.03314563036811936 ; 0.0003165810041334852 ; -0.7052861593625505 ; -0.03500637182117671 ; 0.6258359312407547 ; 0.01968320764497422 ; 1e-20)
 best sol point (0.02041323385495634 ; -0.3264650905653201 ; 0.03314563036811948 ; -0.03314563036811936 ; 0.0003165810041334852 ; -0.7052861593625505 ; -0.03500637182117671 ; 0.6258359312407547 ; 0.01968320764497422 ; 1e-20)
 qmax epsboxes 34
solution([0.01903016875839083, 0.0209606562392449] ; [-0.323098273747365, -0.3188294983742078] ; [0.03068269432456717, 0.03416456121729181] ; [-0.04419417382415917, -0.03314563036811936] ; [5.551115123125782e-17, 0.002267921256179379] ; [-0.7056650144223979, -0.7044374472055583] ; [-0.0343567702600074, -0.03117914411005434] ; [0.6274104454129048, 0.6295884832935664] ; [0.01828769179560409, 0.01944619310023632] ; [0, 1e-20]) psize 32 q1 32 q2 28
 time 3871.129910155884
 nb boxes 2285168
 depth 57
 valid point (0.0194069387645764 ; -0.3194342348253002 ; 0.03068269432456718 ; -0.03619911521637818 ; 0.001362873094367315 ; -0.7052393140523189 ; -0.03435677026000739 ; 0.6295884832935664 ; 0.01944619310023632 ; 0)
 best sol point (0.0194069387645764 ; -0.3194342348253002 ; 0.03068269432456718 ; -0.03619911521637818 ; 0.001362873094367315 ; -0.7052393140523189 ; -0.03435677026000739 ; 0.6295884832935664 ; 0.01944619310023632 ; 0)
 qmax epsboxes 34
solution([0.0110485434560398, 0.01206716331605143] ; [-0.2651650429449553, -0.2611760833420207] ; [0.01371671708003522, 0.01738676493017754] ; [-0.0883883476483184, -0.07525993895826149] ; [5.551115123125782e-17, 0.003327146787954453] ; [-0.702404026116952, -0.7009040595590023] ; [-0.0212349977896627, -0.01850497517457456] ; [0.6546499350165975, 0.6562441015737677] ; [0.009057310856926105, 0.009902135162473139] ; [0, 1e-20]) psize 33 q1 33 q2 29
 time 3889.803712157009
 nb boxes 2295586
 depth 52
 valid point (0.01104854345603981 ; -0.262843344968806 ; 0.017370916374588 ; -0.08159693848976107 ; 5.551115123125783e-17 ; -0.7020587461164904 ; -0.02123499778966269 ; 0.6560094149367262 ; 0.009902135162473139 ; 1e-20)
 best sol point (0.01104854345603981 ; -0.262843344968806 ; 0.017370916374588 ; -0.08159693848976107 ; 5.551115123125783e-17 ; -0.7020587461164904 ; -0.02123499778966269 ; 0.6560094149367262 ; 0.009902135162473139 ; 1e-20)
 qmax epsboxes 34
Number of branches : 13923942
time used : 22638.61011313378
 remaining small boxes  119971 max possible inliers in small boxes 36
 best sol point 0.01104854345603981 -0.262843344968806 0.017370916374588 -0.08159693848976107 5.551115123125783e-17 -0.7020587461164904 -0.02123499778966269 0.6560094149367262 0.009902135162473139 1e-20 
 nobs 36
 nobs 36
 nb inliers 29
essential (([-0.0001490364179993987, 5.096358200061781e-05] ; [-0.0001204451120096594, 7.955488799072922e-05] ; [-8.158267949751071e-05, 0.0001184173205025175])
([-9.730901659228473e-05, 0.0001026909834077791] ; [-6.27666847523801e-05, 0.0001372333152476278] ; [-5.233536887599926e-05, 0.0001476646311245468])
([-0.0001260194120580956, 7.398058794192663e-05] ; [-5.686037194306263e-05, 0.0001431396280576036] ; [-0.0001323578898565399, 6.76421101434769e-05]))determinant [-7.224954232787672e-05, 0.0001277504576721277] time used 22638.61011313378  
 total branch number 13923942
