essential_test4.txt
 fin lecture 
 p 36
 avant lecture 
 apres lecture 
0.00106429
-0.638571
0.00106429
-0.424649
 apres contraintes 
 box ([0, 0.7071067811865476] ; [-0.7071067811865475, 0.7071067811865476] ; [-0.7071067811865475, 0.7071067811865476] ; [-0.7071067811865475, 0.7071067811865476] ; [-0.7071067811865475, 0.7071067811865476] ; [-0.7071067811865475, 0.7071067811865476] ; [-0.7071067811865475, 0.7071067811865476] ; [-0.7071067811865475, 0.7071067811865476] ; [-0.7071067811865475, 0.7071067811865476])
 Q 10
 solution ransac 0
 avant solver 
 nb inliers 36
 apres solver 
 oracle (0.0212236 ; -0.4939787999999999 ; 0.04200220000000001 ; 0.1820916 ; -0.0056804 ; -0.6818421 ; -0.0376943 ; 0.5039347 ; 0.0173491)
box init ([0, 0.7071067811865476] ; [-0.7071067811865475, 0.7071067811865476] ; [-0.7071067811865475, 0.7071067811865476] ; [-0.7071067811865475, 0.7071067811865476] ; [-0.7071067811865475, 0.7071067811865476] ; [-0.7071067811865475, 0.7071067811865476] ; [-0.7071067811865475, 0.7071067811865476] ; [-0.7071067811865475, 0.7071067811865476] ; [-0.7071067811865475, 0.7071067811865476])
essential (([-8.83893476483185, 9.192488155425125] ; [-9.192488155425123, 9.192488155425125] ; [-9.192488155425123, 9.192488155425125])
([-9.546041546018398, 9.546041546018398] ; [-9.546041546018398, 9.546041546018398] ; [-9.546041546018398, 9.546041546018398])
([-9.546041546018398, 9.546041546018398] ; [-9.546041546018398, 9.546041546018398] ; [-9.546041546018398, 9.546041546018398]))
 box apres essential  ([0, 0.7071067811865476] ; [-0.7071067811865475, 0.7071067811865476] ; [-0.7071067811865475, 0.7071067811865476] ; [-0.7071067811865475, 0.7071067811865476] ; [-0.7071067811865475, 0.7071067811865476] ; [-0.7071067811865475, 0.7071067811865476] ; [-0.7071067811865475, 0.7071067811865476] ; [-0.7071067811865475, 0.7071067811865476] ; [-0.7071067811865475, 0.7071067811865476])
 box apres ctcnorm  ([0, 0.7071067811865476] ; [-0.7071067811865475, 0.7071067811865476] ; [-0.7071067811865475, 0.7071067811865476] ; [-0.7071067811865475, 0.7071067811865476] ; [-0.7071067811865475, 0.7071067811865476] ; [-0.7071067811865475, 0.7071067811865476] ; [-0.7071067811865475, 0.7071067811865476] ; [-0.7071067811865475, 0.7071067811865476] ; [-0.7071067811865475, 0.7071067811865476])
essential apres contract (([-8.83893476483185, 9.192488155425125] ; [-9.192488155425123, 9.192488155425125] ; [-9.192488155425123, 9.192488155425125])
([-9.546041546018398, 9.546041546018398] ; [-9.546041546018398, 9.546041546018398] ; [-9.546041546018398, 9.546041546018398])
([-9.546041546018398, 9.546041546018398] ; [-9.546041546018398, 9.546041546018398] ; [-9.546041546018398, 9.546041546018398]))
determinant [-2.121420343559644, 2.121420343559644] point size 36
solution([0.01933495104806966, 0.02209708691207962] ; [-0.4967726481948452, -0.4907639136158905] ; [0.03866990209613938, 0.04419417382415928] ; [0.1767766952966369, 0.1878252387526768] ; [-0.00954062771661232, 5.551115123125783e-17] ; [-0.6836970705950152, -0.6797009611781262] ; [-0.03866990209613927, -0.03333435308171133] ; [0.5007025572003211, 0.506596896795214] ; [0.0165433937598644, 0.02321353839949005]) psize 28 qposs 23 qvalid 5
 time 0.1186060000000002
 nb boxes 102
 depth 52
 valid point (0.01933495104806967 ; -0.4967726481948451 ; 0.03965439588284843 ; 0.1878252387526768 ; -0.005316778893142517 ; -0.680404001561421 ; -0.03511316756717375 ; 0.5014382399040376 ; 0.01654339375986441)
 best sol point (0.01933495104806967 ; -0.4967726481948451 ; 0.03965439588284843 ; 0.1878252387526768 ; -0.005316778893142517 ; -0.680404001561421 ; -0.03511316756717375 ; 0.5014382399040376 ; 0.01654339375986441)
 qmax epsboxes 0
solution([0.01933495104806966, 0.02209708691207962] ; [-0.4967726481948452, -0.4937913148389022] ; [0.03866990209613938, 0.04419417382415928] ; [0.1767766952966369, 0.1878252387526768] ; [-0.009181090848041524, -0.004621646214839581] ; [-0.6836549168819407, -0.6798043741420094] ; [-0.03866990209613927, -0.0360021275889253] ; [0.5007639802212345, 0.5046375690029065] ; [0.0165433937598644, 0.02290503387555506]) psize 19 qposs 19 qvalid 7
 time 0.1260860000000003
 nb boxes 108
 depth 55
 valid point (0.01933495104806967 ; -0.4967726481948451 ; 0.04419417382415928 ; 0.1844573381800247 ; -0.004621646214839581 ; -0.680841319545052 ; -0.03741239704916876 ; 0.5013484793655297 ; 0.02172981061726074)
 best sol point (0.01933495104806967 ; -0.4967726481948451 ; 0.04419417382415928 ; 0.1844573381800247 ; -0.004621646214839581 ; -0.680841319545052 ; -0.03741239704916876 ; 0.5013484793655297 ; 0.02172981061726074)
 qmax epsboxes 0
solution([0.01933495104806966, 0.02209708691207962] ; [-0.4967726481948452, -0.4937913148389022] ; [0.03866990209613938, 0.04419417382415928] ; [0.1823009670246568, 0.1878252387526768] ; [-0.008879624725731154, -0.004621646214839581] ; [-0.6821635571340316, -0.6798100600755205] ; [-0.03866990209613927, -0.0360021275889253] ; [0.5007861598661315, 0.504603072034253] ; [0.01753384736130243, 0.0222875754783598]) psize 19 qposs 17 qvalid 8
 time 0.1328900000000003
 nb boxes 110
 depth 56
 valid point (0.02120822718639493 ; -0.4964762170119327 ; 0.04419417382415928 ; 0.1823009670246569 ; -0.005207958923462185 ; -0.6815656243423788 ; -0.03866990209613926 ; 0.5014403352994024 ; 0.02024274723248734)
 best sol point (0.02120822718639493 ; -0.4964762170119327 ; 0.04419417382415928 ; 0.1823009670246569 ; -0.005207958923462185 ; -0.6815656243423788 ; -0.03866990209613926 ; 0.5014403352994024 ; 0.02024274723248734)
 qmax epsboxes 0
solution([0.01933495104806966, 0.02209708691207962] ; [-0.4967726481948452, -0.4937913148389022] ; [0.04143203796014932, 0.04419417382415928] ; [0.1767766952966369, 0.1823009670246569] ; [-0.00820619565281606, -0.004621646214839581] ; [-0.6834124560405588, -0.6813064650828074] ; [-0.03866990209613927, -0.0360021275889253] ; [0.5008357788056246, 0.5045943538004907] ; [0.01882377837153906, 0.02286422935821247]) psize 19 qposs 18 qvalid 9
 time 0.1381460000000003
 nb boxes 112
 depth 57
 valid point (0.01933495104806967 ; -0.4967726481948451 ; 0.04220106082061255 ; 0.176776695296637 ; -0.004621646214839581 ; -0.6830760340748207 ; -0.0360021275889253 ; 0.5015126906490704 ; 0.02093252703643062)
 best sol point (0.01933495104806967 ; -0.4967726481948451 ; 0.04220106082061255 ; 0.176776695296637 ; -0.004621646214839581 ; -0.6830760340748207 ; -0.0360021275889253 ; 0.5015126906490704 ; 0.02093252703643062)
 qmax epsboxes 17
solution([0.02002548501407214, 0.02071601898007464] ; [-0.4959191079246132, -0.4950669904205551] ; [0.04143203796014932, 0.0428131058921543] ; [0.1767766952966369, 0.1795388311606469] ; [-0.004621646214839582, -0.002981076205081993] ; [-0.6832725251353613, -0.6821685522944487] ; [-0.03787597517434907, -0.03733601484253228] ; [0.5019361949200272, 0.5027719922497276] ; [0.01999577639561297, 0.02159635808107383]) psize 16 qposs 13 qvalid 10
 time 0.3117820000000013
 nb boxes 202
 depth 67
 valid point (0.02071601898007464 ; -0.4951879754573382 ; 0.04143203796014933 ; 0.176776695296637 ; -0.002981076205081993 ; -0.683103372813312 ; -0.03766586976070041 ; 0.5027719922497276 ; 0.02159635808107383)
 best sol point (0.02071601898007464 ; -0.4951879754573382 ; 0.04143203796014933 ; 0.176776695296637 ; -0.002981076205081993 ; -0.683103372813312 ; -0.03766586976070041 ; 0.5027719922497276 ; 0.02159635808107383)
 qmax epsboxes 18
solution([0.02027496733430793, 0.02071601898007464] ; [-0.4967726481948452, -0.4961685222997943] ; [0.04154562466077806, 0.04215439860154497] ; [0.1767766952966369, 0.1777454774139266] ; [-0.004260283094119363, -0.003801361209960787] ; [-0.6832155782537105, -0.6827139628787417] ; [-0.0377278565798368, -0.03733601484253228] ; [0.501140643418152, 0.5017360709332102] ; [0.02094483233034418, 0.02159635808107383]) psize 14 qposs 13 qvalid 11
 time 0.3333690000000014
 nb boxes 212
 depth 72
 valid point (0.02071601898007464 ; -0.4967726481948451 ; 0.04215439860154497 ; 0.176776695296637 ; -0.003801361209960787 ; -0.6830790734474259 ; -0.03733601484253228 ; 0.5011946744730989 ; 0.02144407988493537)
 best sol point (0.02071601898007464 ; -0.4967726481948451 ; 0.04215439860154497 ; 0.176776695296637 ; -0.003801361209960787 ; -0.6830790734474259 ; -0.03733601484253228 ; 0.5011946744730989 ; 0.02144407988493537)
 qmax epsboxes 18
solution([0.01597956505993623, 0.01657281518405971] ; [-0.5058560600128842, -0.5037905468270658] ; [0.04191056679163586, 0.04419417382415928] ; [0.1767766952966369, 0.1823009670246569] ; [-0.008640008054941508, -0.005580942102360866] ; [-0.6830986811144808, -0.6813810364111086] ; [-0.03372245519368554, -0.03314563036811936] ; [0.4927403277997028, 0.4948770084155082] ; [0.01877471615723027, 0.02092715359358183]) psize 19 qposs 18 qvalid 12
 time 0.9306660000000091
 nb boxes 588
 depth 52
 valid point (0.01657281518405971 ; -0.5056464183427624 ; 0.04419417382415928 ; 0.1798717317863967 ; -0.007589352621002978 ; -0.6822114393190867 ; -0.03314563036811936 ; 0.4927403277997029 ; 0.02092715359358183)
 best sol point (0.01657281518405971 ; -0.5056464183427624 ; 0.04419417382415928 ; 0.1798717317863967 ; -0.007589352621002978 ; -0.6822114393190867 ; -0.03314563036811936 ; 0.4927403277997029 ; 0.02092715359358183)
 qmax epsboxes 24
solution([0.01933495104806966, 0.02209708691207962] ; [-0.5058077993964942, -0.5015613820394805] ; [0.03331951365094994, 0.03866990209613939] ; [0.1767766952966369, 0.1823009670246569] ; [-0.004272394792574166, 5.551115123125783e-17] ; [-0.6837485115658887, -0.6814534272683422] ; [-0.03820937210029114, -0.03567750123420525] ; [0.4927403277997028, 0.4970658995001424] ; [0.01905102479318742, 0.02500309204205711]) psize 30 qposs 27 qvalid 13
 time 1.241678000000018
 nb boxes 776
 depth 53
 valid point (0.02209708691207962 ; -0.502352995796693 ; 0.03866990209613939 ; 0.1790256952923891 ; -0.00148163456021541 ; -0.6826444906165158 ; -0.03736019137769658 ; 0.4956680377478695 ; 0.02134451736718994)
 best sol point (0.02209708691207962 ; -0.502352995796693 ; 0.03866990209613939 ; 0.1790256952923891 ; -0.00148163456021541 ; -0.6826444906165158 ; -0.03736019137769658 ; 0.4956680377478695 ; 0.02134451736718994)
 qmax epsboxes 27
solution([0.02039932364355682, 0.02209708691207962] ; [-0.503620737436664, -0.5015613820394805] ; [0.03365289002019847, 0.03599470787354467] ; [0.1767766952966369, 0.1823009670246569] ; [-0.001862898193891332, 5.551115123125783e-17] ; [-0.6836848627511022, -0.6817663712110777] ; [-0.03712341209580007, -0.03567750123420525] ; [0.4943074154834326, 0.4969356818416725] ; [0.01929286362208919, 0.02221049849600155]) psize 27 qposs 24 qvalid 14
 time 1.253209000000018
 nb boxes 780
 depth 55
 valid point (0.02209708691207962 ; -0.5036207374366639 ; 0.03599470787354467 ; 0.176776695296637 ; 5.551115123125783e-17 ; -0.6833798166092821 ; -0.03652996263398836 ; 0.4944366961781424 ; 0.02148096705622463)
 best sol point (0.02209708691207962 ; -0.5036207374366639 ; 0.03599470787354467 ; 0.176776695296637 ; 5.551115123125783e-17 ; -0.6833798166092821 ; -0.03652996263398836 ; 0.4944366961781424 ; 0.02148096705622463)
 qmax epsboxes 27
solution([0.02080266469291317, 0.02209708691207962] ; [-0.5056465343520234, -0.5036207374366639] ; [0.03376012510338776, 0.03599470787354467] ; [0.1767766952966369, 0.1795388311606469] ; [-0.001874638870044341, 5.551115123125783e-17] ; [-0.6836560517244707, -0.6824933180180678] ; [-0.03677091038587955, -0.03567750123420525] ; [0.4927403277997028, 0.4948210927840613] ; [0.01956402686470247, 0.0223596929110664]) psize 27 qposs 26 qvalid 15
 time 1.255782000000018
 nb boxes 782
 depth 56
 valid point (0.02209708691207962 ; -0.5054541565315302 ; 0.03599470787354467 ; 0.176776695296637 ; 5.551115123125783e-17 ; -0.6833557433906258 ; -0.03632532580934122 ; 0.4927403277997029 ; 0.02155841563804251)
 best sol point (0.02209708691207962 ; -0.5054541565315302 ; 0.03599470787354467 ; 0.176776695296637 ; 5.551115123125783e-17 ; -0.6833557433906258 ; -0.03632532580934122 ; 0.4927403277997029 ; 0.02155841563804251)
 qmax epsboxes 27
solution([0.02193293444949685, 0.02209708691207962] ; [-0.5055323604207841, -0.5053187140441482] ; [0.03535702370956098, 0.03565516318962534] ; [0.1767766952966369, 0.177426822697526] ; [-0.0003913879871416521, 5.551115123125783e-17] ; [-0.6835236439425317, -0.6833629121217579] ; [-0.03631651159040884, -0.03617717105377776] ; [0.4927403277997028, 0.4929616812079494] ; [0.02079476700367274, 0.02131370255394222]) psize 17 qposs 16 qvalid 16
 time 1.30244000000002
 nb boxes 806
 depth 68
 valid point (0.02209708691207962 ; -0.5053187140441482 ; 0.03565516318962534 ; 0.177297677206337 ; -0.0001156495044990774 ; -0.6833629121217579 ; -0.03617717105377776 ; 0.4927719937569816 ; 0.02097991814815261)
 best sol point (0.02209708691207962 ; -0.5053187140441482 ; 0.03565516318962534 ; 0.177297677206337 ; -0.0001156495044990774 ; -0.6833629121217579 ; -0.03617717105377776 ; 0.4927719937569816 ; 0.02097991814815261)
 qmax epsboxes 27
solution([0.01267069536096344, 0.01381067932004976] ; [-0.5065796792795182, -0.5043204701956622] ; [0.02594024958078525, 0.02762135864009957] ; [0.1767766952966369, 0.1823009670246569] ; [-0.004035516866890888, -0.0003406361158164976] ; [-0.6841507411018882, -0.6823534503092625] ; [-0.02517679910229204, -0.02406612010359974] ; [0.4927403277997028, 0.4950604174509922] ; [0.01288207902083118, 0.0153474948835989]) psize 28 qposs 24 qvalid 17
 time 1.549449000000029
 nb boxes 974
 depth 55
 valid point (0.01381067932004976 ; -0.5063580766319655 ; 0.02762135864009957 ; 0.176776695296637 ; -0.003290284077968282 ; -0.6839193010010393 ; -0.02406612010359974 ; 0.4927403277997029 ; 0.01355194651940142)
 best sol point (0.01381067932004976 ; -0.5063580766319655 ; 0.02762135864009957 ; 0.176776695296637 ; -0.003290284077968282 ; -0.6839193010010393 ; -0.02406612010359974 ; 0.4927403277997029 ; 0.01355194651940142)
 qmax epsboxes 28
solution([0.01011360667440503, 0.01104854345603981] ; [-0.5267320457174675, -0.5232657724128173] ; [0.029783814237983, 0.03148225560892598] ; [0.1823009670246568, 0.1878252387526768] ; [-0.007066439699403261, -0.004866109348589802] ; [-0.6824699269791828, -0.6806484408063893] ; [-0.02294108461333286, -0.02209708691207955] ; [0.4708333519983185, 0.4746689064007419] ; [0.01420001521259756, 0.01663134146408298]) psize 28 qposs 25 qvalid 18
 time 3.173862000000127
 nb boxes 2094
 depth 51
 valid point (0.01104854345603981 ; -0.5234202637197844 ; 0.03148225560892598 ; 0.1878252387526768 ; -0.006840198451099963 ; -0.6808979890975683 ; -0.02209708691207955 ; 0.4746689064007419 ; 0.01479930057647434)
 best sol point (0.01104854345603981 ; -0.5234202637197844 ; 0.03148225560892598 ; 0.1878252387526768 ; -0.006840198451099963 ; -0.6808979890975683 ; -0.02209708691207955 ; 0.4746689064007419 ; 0.01479930057647434)
 qmax epsboxes 28
solution([0.02118073950495245, 0.02209708691207962] ; [-0.5268353216026889, -0.5248872908913642] ; [0.0335181168377859, 0.03568372844714582] ; [0.1823009670246568, 0.1878252387526768] ; [-0.003827035326801085, -0.002049825119371917] ; [-0.6822668683604701, -0.680339100761952] ; [-0.03453075058509416, -0.03314563036811936] ; [0.4696437914250199, 0.471808095591439] ; [0.01905639584867171, 0.02184926739565248]) psize 30 qposs 30 qvalid 19
 time 6.564210000000505
 nb boxes 4262
 depth 53
 valid point (0.02209708691207962 ; -0.5268353216026888 ; 0.03568372844714582 ; 0.1878252387526768 ; -0.002049825119371917 ; -0.6804981335302915 ; -0.03429638156603292 ; 0.4697413919447465 ; 0.02066237101712041)
 best sol point (0.02209708691207962 ; -0.5268353216026888 ; 0.03568372844714582 ; 0.1878252387526768 ; -0.002049825119371917 ; -0.6804981335302915 ; -0.03429638156603292 ; 0.4697413919447465 ; 0.02066237101712041)
 qmax epsboxes 30
solution([0.02068101692046562, 0.02209708691207962] ; [-0.5299974483561285, -0.5284446574406109] ; [0.03140283851184844, 0.03338725402259509] ; [0.1878252387526767, 0.1933495104806967] ; [-0.002117393685023075, 5.551115123125783e-17] ; [-0.6807949642384749, -0.6788615567051301] ; [-0.03418257442909263, -0.03314563036811936] ; [0.4666331505272517, 0.468400967828889] ; [0.01864324215460455, 0.02141640350714068]) psize 30 qposs 30 qvalid 20
 time 6.655533000000513
 nb boxes 4308
 depth 51
 valid point (0.02209708691207962 ; -0.5284446574406109 ; 0.03153880960416797 ; 0.1933495104806967 ; 5.551115123125783e-17 ; -0.679159094763331 ; -0.03314563036811936 ; 0.468235771749984 ; 0.01906950099771119)
 best sol point (0.02209708691207962 ; -0.5284446574406109 ; 0.03153880960416797 ; 0.1933495104806967 ; 5.551115123125783e-17 ; -0.679159094763331 ; -0.03314563036811936 ; 0.468235771749984 ; 0.01906950099771119)
 qmax epsboxes 30
solution([0.02139235641123455, 0.02209708691207962] ; [-0.529197629645292, -0.5284478695846512] ; [0.03122839849463042, 0.03218711518937939] ; [0.1933495104806966, 0.1961116463447066] ; [-0.0008935921239281604, 5.551115123125783e-17] ; [-0.6792911877715296, -0.6781958270428686] ; [-0.03365783332878874, -0.03314563036811936] ; [0.467089362850787, 0.4683361607202276] ; [0.01872295830180738, 0.02031975459300739]) psize 30 qposs 28 qvalid 23
 time 6.800621000000527
 nb boxes 4372
 depth 55
 valid point (0.0214307842718737 ; -0.5284478695846512 ; 0.03218711518937939 ; 0.1961116463447066 ; 5.551115123125783e-17 ; -0.6783030088157231 ; -0.03314563036811936 ; 0.4682884225937495 ; 0.01989858286894362)
 best sol point (0.0214307842718737 ; -0.5284478695846512 ; 0.03218711518937939 ; 0.1961116463447066 ; 5.551115123125783e-17 ; -0.6783030088157231 ; -0.03314563036811936 ; 0.4682884225937495 ; 0.01989858286894362)
 qmax epsboxes 30
solution([0.02116907031675234, 0.02209708691207962] ; [-0.5235023712022218, -0.5216504879690984] ; [0.03101186710736134, 0.03307905795218632] ; [0.1878252387526767, 0.1933495104806967] ; [-0.001644895138749118, 5.551115123125783e-17] ; [-0.6808736190639453, -0.6789188278531567] ; [-0.03454230627629296, -0.03314563036811936] ; [0.4733979761753501, 0.4759252809358293] ; [0.01865412680920156, 0.02117546337487106]) psize 30 qposs 28 qvalid 24
 time 7.055136000000556
 nb boxes 4512
 depth 53
 valid point (0.02116907031675235 ; -0.5235023712022217 ; 0.03255278276609325 ; 0.1933495104806967 ; 5.551115123125783e-17 ; -0.6790806171285204 ; -0.03314563036811936 ; 0.4737691390681452 ; 0.01997168762129334)
 best sol point (0.02116907031675235 ; -0.5235023712022217 ; 0.03255278276609325 ; 0.1933495104806967 ; 5.551115123125783e-17 ; -0.6790806171285204 ; -0.03314563036811936 ; 0.4737691390681452 ; 0.01997168762129334)
 qmax epsboxes 30
solution([0.02170817290508363, 0.02209708691207962] ; [-0.5235023712022218, -0.5223658438842252] ; [0.03209479057460727, 0.03307905795218632] ; [0.1878252387526767, 0.1905873746166868] ; [-0.0008764095886369486, 5.551115123125783e-17] ; [-0.6807824139763222, -0.6797088325030493] ; [-0.03433662549556519, -0.03374251121514189] ; [0.4734208932571176, 0.4746670861586413] ; [0.01948149821349054, 0.02083367973616703]) psize 28 qposs 27 qvalid 25
 time 7.079170000000559
 nb boxes 4522
 depth 58
 valid point (0.02170817290508364 ; -0.5226502641603985 ; 0.03307905795218632 ; 0.1905873746166868 ; 5.551115123125783e-17 ; -0.6798214431745259 ; -0.03398790840840315 ; 0.4746670861586413 ; 0.02033532156557813)
 best sol point (0.02170817290508364 ; -0.5226502641603985 ; 0.03307905795218632 ; 0.1905873746166868 ; 5.551115123125783e-17 ; -0.6798214431745259 ; -0.03398790840840315 ; 0.4746670861586413 ; 0.02033532156557813)
 qmax epsboxes 30
solution([0.01771180437891934, 0.01807452362154909] ; [-0.5303300858899106, -0.5294959042925524] ; [0.02705109989326507, 0.02753519477965088] ; [0.1998102696499155, 0.2007430741153917] ; [-0.0005430649792439257, 5.551115123125783e-17] ; [-0.677661983815012, -0.6773870324474526] ; [-0.02833826060338973, -0.02807545871738349] ; [0.4666331505272517, 0.4672854539351278] ; [0.01629798332493091, 0.0169986612902871]) psize 27 qposs 27 qvalid 26
 time 9.483060000001001
 nb boxes 6040
 depth 61
 valid point (0.01807452362154909 ; -0.5296200718291221 ; 0.02707014983862646 ; 0.2006895139299767 ; 5.551115123125783e-17 ; -0.6773870324474526 ; -0.02807545871738349 ; 0.4672854539351278 ; 0.01636118021951095)
 best sol point (0.01807452362154909 ; -0.5296200718291221 ; 0.02707014983862646 ; 0.2006895139299767 ; 5.551115123125783e-17 ; -0.6773870324474526 ; -0.02807545871738349 ; 0.4672854539351278 ; 0.01636118021951095)
 qmax epsboxes 31
solution([0.01619466603237625, 0.0162575571059433] ; [-0.5303300858899106, -0.5302585134206634] ; [0.02565557021416562, 0.02573817755120027] ; [0.199757340869768, 0.2000330679795886] ; [-0.0006745010713270661, -0.0005696020499733965] ; [-0.6777268819550881, -0.6776455515021106] ; [-0.02573700663787655, -0.02569172491180009] ; [0.4665518912864122, 0.4666331505272518] ; [0.01523011255715465, 0.01533017267795738]) psize 27 qposs 27 qvalid 27
 time 51.50359100003042
 nb boxes 33904
 depth 55
 valid point (0.0162575571059433 ; -0.5303300858899105 ; 0.02573817755120027 ; 0.1999962923435012 ; -0.0006670672412494951 ; -0.6776455515021106 ; -0.02569172491180009 ; 0.4666331505272518 ; 0.0152393922938334)
 best sol point (0.0162575571059433 ; -0.5303300858899105 ; 0.02573817755120027 ; 0.1999962923435012 ; -0.0006670672412494951 ; -0.6776455515021106 ; -0.02569172491180009 ; 0.4666331505272518 ; 0.0152393922938334)
 qmax epsboxes 32
solution([0.00953527819820193, 0.009744736678672553] ; [-0.2839630180431614, -0.2822970141639458] ; [0.01519174725205478, 0.01657281518405977] ; [-0.07181553246425869, -0.06629126073623878] ; [-0.001843325661462955, 5.551115123125783e-17] ; [-0.7039685596201969, -0.703041885160143] ; [-0.01868294513204813, -0.01809817534027238] ; [0.6470575582713598, 0.6481856838587519] ; [0.007719995232390989, 0.009646100345050821]) psize 32 qposs 31 qvalid 28
 time 4888.07537332243
 nb boxes 3805050
 depth 58
 valid point (0.009744736678672553 ; -0.2839630180431613 ; 0.01519174725205479 ; -0.06629126073623878 ; 5.551115123125783e-17 ; -0.7037593928743404 ; -0.01809817534027238 ; 0.6473206958872671 ; 0.008867769032625897)
 best sol point (0.009744736678672553 ; -0.2839630180431613 ; 0.01519174725205479 ; -0.06629126073623878 ; 5.551115123125783e-17 ; -0.7037593928743404 ; -0.01809817534027238 ; 0.6473206958872671 ; 0.008867769032625897)
 qmax epsboxes 34
solution([0.009154563772897911, 0.009290440062507932] ; [-0.2563373528460224, -0.2558168035809176] ; [0.01657281518405976, 0.01726334915006226] ; [-0.09322208541033581, -0.09253155144433332] ; [-0.001329532460905666, -0.0008343464995003036] ; [-0.7009580503559324, -0.7007706580823079] ; [-0.01755159264291577, -0.01720237303125932] ; [0.6587832893925873, 0.6589843042161252] ; [0.008237633541398732, 0.008742214625697116]) psize 31 qposs 31 qvalid 29
 time 4966.623369332293
 nb boxes 3855466
 depth 60
 valid point (0.009290440062507932 ; -0.2563373528460223 ; 0.01657281518405977 ; -0.09253155144433332 ; -0.0008343464995003036 ; -0.7007706580823079 ; -0.0174496898648225 ; 0.6587832893925874 ; 0.008435014417467177)
 best sol point (0.009290440062507932 ; -0.2563373528460223 ; 0.01657281518405977 ; -0.09253155144433332 ; -0.0008343464995003036 ; -0.7007706580823079 ; -0.0174496898648225 ; 0.6587832893925874 ; 0.008435014417467177)
 qmax epsboxes 34
solution([0.01095989230275991, 0.01104854345603981] ; [-0.2619427138522262, -0.2615342097969109] ; [0.01760298119337744, 0.01794702477425379] ; [-0.08761989923759342, -0.08700727971631341] ; [-0.0006471081673901133, -0.0004147529162301167] ; [-0.7015927569988165, -0.7014403426001569] ; [-0.02137232928378576, -0.02114996409598109] ; [0.6562411896533932, 0.6564040991979526] ; [0.009793955109519789, 0.01004574176247839]) psize 30 qposs 30 qvalid 30
 time 4994.314922335543
 nb boxes 3872336
 depth 62
 valid point (0.01104854345603981 ; -0.2617990811969065 ; 0.01794702477425379 ; -0.08761989923759341 ; -0.0004848379447709526 ; -0.7014403426001569 ; -0.02114996409598109 ; 0.6564040991979526 ; 0.009933083301986335)
 best sol point (0.01104854345603981 ; -0.2617990811969065 ; 0.01794702477425379 ; -0.08761989923759341 ; -0.0004848379447709526 ; -0.7014403426001569 ; -0.02114996409598109 ; 0.6564040991979526 ; 0.009933083301986335)
 qmax epsboxes 34
Number of branches : 7988674
time used : 9136.797045286924
 remaining small boxes  435796 max possible inliers in small boxes 36
 best sol point 0.01104854345603981 -0.2617990811969065 0.01794702477425379 -0.08761989923759341 -0.0004848379447709526 -0.7014403426001569 -0.02114996409598109 0.6564040991979526 0.009933083301986335 
 nb inliers 30
0  1  2  3  5  6  7  9  10  11  12  13  14  15  16  18  19  20  21  22  23  24  25  26  28  29  30  32  34  35  
essential (([-3.590260733299925e-07, 0.0001996409739266883] ; [-5.689274417942639e-05, 0.00014310725582099] ; [-0.000147047997953863, 5.295200204616311e-05])
([-0.0001056997293380001, 9.430027066207804e-05] ; [-0.000199690830768811, 3.091692311960596e-07] ; [-0.0001995185853661997, 4.814146344237034e-07])
([-4.333552765844384e-05, 0.0001566644723415805] ; [-0.0001898567487247204, 1.014325127601515e-05] ; [-1.248852657421926e-05, 0.000187511473425798]))determinant [-0.0001571384167552523, 4.286158324475296e-05] time used 9136.797045286924  
 total branch number 7988674
