essential_test3.txt
 fin lecture 
 p 65
 avant lecture 
 apres lecture 
 apres contraintes 
0.0121462  -0.149517  0.0272993  -0.138859  0.00147601  -0.69268  -0.0281015  0.690426  0.0136108  
0 0.707107
-0.707106 0.707107
-0.707106 0.707107
-0.707106 0.707107
-0.707106 0.707107
-0.707106 0.707107
-0.707106 0.707107
-0.707106 0.707107
-0.707106 0.707107
 box ([0, 0.7071067811865476] ; [-0.7071067811865475, 0.7071067811865476] ; [-0.7071067811865475, 0.7071067811865476] ; [-0.7071067811865475, 0.7071067811865476] ; [-0.7071067811865475, 0.7071067811865476] ; [-0.7071067811865475, 0.7071067811865476] ; [-0.7071067811865475, 0.7071067811865476] ; [-0.7071067811865475, 0.7071067811865476] ; [-0.7071067811865475, 0.7071067811865476])
 Q 10
 nobs 65
 nobs 65
 avant solver ([0, 0.7071067811865476] ; [-0.7071067811865475, 0.7071067811865476] ; [-0.7071067811865475, 0.7071067811865476] ; [-0.7071067811865475, 0.7071067811865476] ; [-0.7071067811865475, 0.7071067811865476] ; [-0.7071067811865475, 0.7071067811865476] ; [-0.7071067811865475, 0.7071067811865476] ; [-0.7071067811865475, 0.7071067811865476] ; [-0.7071067811865475, 0.7071067811865476])
 nb inliers 65
 apres solver 
box init ([0, 0.7071067811865476] ; [-0.7071067811865475, 0.7071067811865476] ; [-0.7071067811865475, 0.7071067811865476] ; [-0.7071067811865475, 0.7071067811865476] ; [-0.7071067811865475, 0.7071067811865476] ; [-0.7071067811865475, 0.7071067811865476] ; [-0.7071067811865475, 0.7071067811865476] ; [-0.7071067811865475, 0.7071067811865476] ; [-0.7071067811865475, 0.7071067811865476])
essential (([-8.83893476483185, 9.192488155425125] ; [-9.192488155425123, 9.192488155425125] ; [-9.192488155425123, 9.192488155425125])
([-9.546041546018398, 9.546041546018398] ; [-9.546041546018398, 9.546041546018398] ; [-9.546041546018398, 9.546041546018398])
([-9.546041546018398, 9.546041546018398] ; [-9.546041546018398, 9.546041546018398] ; [-9.546041546018398, 9.546041546018398]))
 box apres essential  ([0, 0.7071067811865476] ; [-0.7071067811865475, 0.7071067811865476] ; [-0.7071067811865475, 0.7071067811865476] ; [-0.7071067811865475, 0.7071067811865476] ; [-0.7071067811865475, 0.7071067811865476] ; [-0.7071067811865475, 0.7071067811865476] ; [-0.7071067811865475, 0.7071067811865476] ; [-0.7071067811865475, 0.7071067811865476] ; [-0.7071067811865475, 0.7071067811865476])
 box apres ctcnorm  ([0, 0.7071067811865476] ; [-0.7071067811865475, 0.7071067811865476] ; [-0.7071067811865475, 0.7071067811865476] ; [-0.7071067811865475, 0.7071067811865476] ; [-0.7071067811865475, 0.7071067811865476] ; [-0.7071067811865475, 0.7071067811865476] ; [-0.7071067811865475, 0.7071067811865476] ; [-0.7071067811865475, 0.7071067811865476] ; [-0.7071067811865475, 0.7071067811865476])
essential apres contract (([-8.83893476483185, 9.192488155425125] ; [-9.192488155425123, 9.192488155425125] ; [-9.192488155425123, 9.192488155425125])
([-9.546041546018398, 9.546041546018398] ; [-9.546041546018398, 9.546041546018398] ; [-9.546041546018398, 9.546041546018398])
([-9.546041546018398, 9.546041546018398] ; [-9.546041546018398, 9.546041546018398] ; [-9.546041546018398, 9.546041546018398]))
determinant [-2.121420343559644, 2.121420343559644] point size 65
solution([0.0110485434560398, 0.01530433880112154] ; [-0.1546796083845573, -0.1436310649285174] ; [0.02209708691207966, 0.03314563036811948] ; [-0.1433639980886633, -0.1325825214724776] ; [5.551115123125782e-17, 0.007433419612280761] ; [-0.6949247511587094, -0.6907264327925558] ; [-0.03314563036811937, -0.02209708691207955] ; [0.6881716048834924, 0.6927258223509781] ; [0.009363564459788465, 0.01681965733442194]) psize 54 q1 54 q2 1
 time 0.1170710000000003
 nb boxes 110
 depth 56
 valid point (0.01104854345603981 ; -0.1546796083845572 ; 0.02386108026363408 ; -0.1325825214724776 ; 0.005794359864671323 ; -0.6939886836288613 ; -0.02590377090041419 ; 0.6893138913358057 ; 0.01681965733442194)
 best sol point (0.01104854345603981 ; -0.1546796083845572 ; 0.02386108026363408 ; -0.1325825214724776 ; 0.005794359864671323 ; -0.6939886836288613 ; -0.02590377090041419 ; 0.6893138913358057 ; 0.01681965733442194)
solution([0.0110485434560398, 0.01379960312851869] ; [-0.1491553366565374, -0.1436310649285174] ; [0.02209708691207966, 0.02762135864009957] ; [-0.1433639980886633, -0.1325825214724776] ; [5.551115123125782e-17, 0.00651172789474183] ; [-0.6946684817220163, -0.6912164406785995] ; [-0.03314563036811937, -0.02762135864009945] ; [0.6896858953378146, 0.692239040915205] ; [0.01013544285668807, 0.01681965733442194]) psize 54 q1 54 q2 33
 time 0.1248290000000003
 nb boxes 116
 depth 59
 valid point (0.01356100375451647 ; -0.1465807457297045 ; 0.02762135864009957 ; -0.1433639980886632 ; 0.003394333681328045 ; -0.691718932971163 ; -0.03314563036811936 ; 0.6907771871083457 ; 0.01681965733442194)
 best sol point (0.01356100375451647 ; -0.1465807457297045 ; 0.02762135864009957 ; -0.1433639980886632 ; 0.003394333681328045 ; -0.691718932971163 ; -0.03314563036811936 ; 0.6907771871083457 ; 0.01681965733442194)
solution([0.0110485434560398, 0.01398806929248743] ; [-0.1491553366565374, -0.1436310649285174] ; [0.02209708691207966, 0.02762135864009957] ; [-0.1433639980886633, -0.1325825214724776] ; [0.002984960619151998, 0.008323265161232422] ; [-0.6946210210659449, -0.6911072592315463] ; [-0.03314563036811937, -0.02762135864009945] ; [0.6896172203317724, 0.6921811832087487] ; [0.01681965733442193, 0.02244851342028947]) psize 49 q1 49 q2 34
 time 0.1897360000000006
 nb boxes 162
 depth 60
 valid point (0.01314589891550913 ; -0.1436310649285174 ; 0.02762135864009957 ; -0.1396967475693273 ; 0.003651490647587395 ; -0.6924504387927634 ; -0.03314563036811936 ; 0.691388873690136 ; 0.01681965733442194)
 best sol point (0.01314589891550913 ; -0.1436310649285174 ; 0.02762135864009957 ; -0.1396967475693273 ; 0.003651490647587395 ; -0.6924504387927634 ; -0.03314563036811936 ; 0.691388873690136 ; 0.01681965733442194)
solution([0.01264931524674612, 0.01603968723317932] ; [-0.1491553366565374, -0.1436310649285174] ; [0.02762135864009956, 0.03314563036811948] ; [-0.1379732597805705, -0.1325825214724776] ; [0.00200565641857652, 0.006678552419059374] ; [-0.6943555736547857, -0.6919608017570654] ; [-0.03866990209613927, -0.03314563036811936] ; [0.6893330144998636, 0.6918867966437189] ; [0.01787127635693177, 0.02277765565323391]) psize 54 q1 54 q2 36
 time 0.6755020000000055
 nb boxes 482
 depth 61
 valid point (0.01396255668592418 ; -0.1491553366565373 ; 0.03111791585432194 ; -0.1338656181906654 ; 0.003965959818495001 ; -0.693433079380511 ; -0.03314563036811936 ; 0.6902174458141126 ; 0.01787127635693178)
 best sol point (0.01396255668592418 ; -0.1491553366565373 ; 0.03111791585432194 ; -0.1338656181906654 ; 0.003965959818495001 ; -0.693433079380511 ; -0.03314563036811936 ; 0.6902174458141126 ; 0.01787127635693178)
solution([0.01431544605352846, 0.01657281518405971] ; [-0.1767766952966369, -0.1712524235686169] ; [0.02762135864009956, 0.03314563036811948] ; [-0.1436310649285175, -0.1381067932004975] ; [5.551115123125782e-17, 0.004293797248721857] ; [-0.6931997592486793, -0.6909796707705715] ; [-0.03866990209613927, -0.03314563036811936] ; [0.6829354370901303, 0.6854933355408286] ; [0.01403861079559876, 0.01849931441116316]) psize 53 q1 53 q2 39
 time 5.244043000000341
 nb boxes 3474
 depth 60
 valid point (0.01510615586257809 ; -0.1762161579640879 ; 0.02762135864009957 ; -0.1381067932004975 ; 0.002485518774628741 ; -0.6927511432333421 ; -0.03389280611514336 ; 0.6837350382008721 ; 0.01724908676097916)
 best sol point (0.01510615586257809 ; -0.1762161579640879 ; 0.02762135864009957 ; -0.1381067932004975 ; 0.002485518774628741 ; -0.6927511432333421 ; -0.03389280611514336 ; 0.6837350382008721 ; 0.01724908676097916)
solution([0.01147492672239409, 0.0150968280683933] ; [-0.1767766952966369, -0.1712524235686169] ; [0.02209708691207966, 0.02762135864009957] ; [-0.1381067932004976, -0.1325825214724776] ; [5.551115123125782e-17, 0.005322454913010968] ; [-0.694527748133209, -0.6923852607305136] ; [-0.03314563036811937, -0.02762135864009945] ; [0.6832232114534043, 0.6858272102082413] ; [0.01118507762525204, 0.01671347045757838]) psize 54 q1 54 q2 40
 time 5.69051100000039
 nb boxes 3732
 depth 60
 valid point (0.01469847996057282 ; -0.176759954157492 ; 0.02762135864009957 ; -0.134052558706278 ; 0.002305096840818544 ; -0.6935548381572083 ; -0.03314563036811936 ; 0.6836470167253839 ; 0.01671347045757838)
 best sol point (0.01469847996057282 ; -0.176759954157492 ; 0.02762135864009957 ; -0.134052558706278 ; 0.002305096840818544 ; -0.6935548381572083 ; -0.03314563036811936 ; 0.6836470167253839 ; 0.01671347045757838)
solution([0.0165728151840597, 0.01924730030181068] ; [-0.1767766952966369, -0.1712524235686169] ; [0.02762135864009956, 0.03314563036811948] ; [-0.1381067932004976, -0.1325825214724776] ; [5.551115123125782e-17, 0.005021010406967926] ; [-0.694283002175829, -0.6920436184988528] ; [-0.04419417382415917, -0.03611397179203577] ; [0.6824655599494356, 0.6853161045859571] ; [0.0149972989821551, 0.02007331980871697]) psize 54 q1 54 q2 42
 time 9.227153000001075
 nb boxes 6322
 depth 59
 valid point (0.01657281518405971 ; -0.1712524235686169 ; 0.03314563036811948 ; -0.1325825214724776 ; 0.003746335329675083 ; -0.6935295839985518 ; -0.03708564800969778 ; 0.6847752961600065 ; 0.02007331980871697)
 best sol point (0.01657281518405971 ; -0.1712524235686169 ; 0.03314563036811948 ; -0.1325825214724776 ; 0.003746335329675083 ; -0.6935295839985518 ; -0.03708564800969778 ; 0.6847752961600065 ; 0.02007331980871697)
solution([0.005524271728019902, 0.008864241909090553] ; [-0.1767766952966369, -0.1712524235686169] ; [0.005524271728019958, 0.01104854345603987] ; [-0.1325825214724777, -0.1270582497444577] ; [5.551115123125782e-17, 0.005125566684865036] ; [-0.6959429870926726, -0.6940655782598723] ; [-0.02369921120033609, -0.01579947413355737] ; [0.6837670794806622, 0.6862439441727243] ; [0.004389150865261926, 0.009714003626323262]) psize 54 q1 54 q2 43
 time 61.87104300004716
 nb boxes 45990
 depth 61
 valid point (0.006324591063229361 ; -0.1712524235686169 ; 0.01104854345603987 ; -0.1270582497444577 ; 5.551115123125783e-17 ; -0.6954776119396726 ; -0.01579947413355737 ; 0.6858877694401913 ; 0.005846696843662613)
 best sol point (0.006324591063229361 ; -0.1712524235686169 ; 0.01104854345603987 ; -0.1270582497444577 ; 5.551115123125783e-17 ; -0.6954776119396726 ; -0.01579947413355737 ; 0.6858877694401913 ; 0.005846696843662613)
time limit 10000s. reached 
 max possible inliers in open nodes 65
Number of branches : 8456772
time used : 10000.00168349007
 remaining small boxes  1897556 max possible inliers in small boxes 61
 best sol point 0.006324591063229361 -0.1712524235686169 0.01104854345603987 -0.1270582497444577 5.551115123125783e-17 -0.6954776119396726 -0.01579947413355737 0.6858877694401913 0.005846696843662613 
 nobs 65
 nobs 65
 nb inliers 65
essential (([-0.0001823106577634535, 1.768934223655567e-05] ; [-0.0001167424817267004, 8.325751827360498e-05] ; [-6.548330323518657e-05, 0.0001345166967648315])
([-9.371909447767828e-05, 0.0001062809055224348] ; [-1.715596406239003e-05, 0.0001828440359376148] ; [-4.567826531470066e-05, 0.0001543217346859173])
([-0.0001372513661084016, 6.274863389161576e-05] ; [-4.79445191715929e-05, 0.0001520554808291288] ; [-0.0001752101641444106, 2.47898358555997e-05]))determinant [-5.487234104855489e-05, 0.0001451276589514471] time used 10000.00168349007  
 total branch number 8456772
