essential_test4.txt
 fin lecture 
 p 36
 avant lecture 
 apres lecture 
0.00106429
-0.638571
0.00106429
-0.424649
 apres contraintes 
 box ([0, 0.7071067811865476] ; [-0.7071067811865475, 0.7071067811865476] ; [-0.7071067811865475, 0.7071067811865476] ; [-0.7071067811865475, 0.7071067811865476] ; [-0.7071067811865475, 0.7071067811865476] ; [-0.7071067811865475, 0.7071067811865476] ; [-0.7071067811865475, 0.7071067811865476] ; [-0.7071067811865475, 0.7071067811865476] ; [-0.7071067811865475, 0.7071067811865476])
 Q 10
 solution ransac 0
 avant solver 
 nb inliers 36
 apres solver 
 oracle (0.0212236 ; -0.4939787999999999 ; 0.04200220000000001 ; 0.1820916 ; -0.0056804 ; -0.6818421 ; -0.0376943 ; 0.5039347 ; 0.0173491)
box init ([0, 0.7071067811865476] ; [-0.7071067811865475, 0.7071067811865476] ; [-0.7071067811865475, 0.7071067811865476] ; [-0.7071067811865475, 0.7071067811865476] ; [-0.7071067811865475, 0.7071067811865476] ; [-0.7071067811865475, 0.7071067811865476] ; [-0.7071067811865475, 0.7071067811865476] ; [-0.7071067811865475, 0.7071067811865476] ; [-0.7071067811865475, 0.7071067811865476])
essential (([-8.83893476483185, 9.192488155425125] ; [-9.192488155425123, 9.192488155425125] ; [-9.192488155425123, 9.192488155425125])
([-9.546041546018398, 9.546041546018398] ; [-9.546041546018398, 9.546041546018398] ; [-9.546041546018398, 9.546041546018398])
([-9.546041546018398, 9.546041546018398] ; [-9.546041546018398, 9.546041546018398] ; [-9.546041546018398, 9.546041546018398]))
 box apres essential  ([0, 0.7071067811865476] ; [-0.7071067811865475, 0.7071067811865476] ; [-0.7071067811865475, 0.7071067811865476] ; [-0.7071067811865475, 0.7071067811865476] ; [-0.7071067811865475, 0.7071067811865476] ; [-0.7071067811865475, 0.7071067811865476] ; [-0.7071067811865475, 0.7071067811865476] ; [-0.7071067811865475, 0.7071067811865476] ; [-0.7071067811865475, 0.7071067811865476])
 box apres ctcnorm  ([0, 0.7071067811865476] ; [-0.7071067811865475, 0.7071067811865476] ; [-0.7071067811865475, 0.7071067811865476] ; [-0.7071067811865475, 0.7071067811865476] ; [-0.7071067811865475, 0.7071067811865476] ; [-0.7071067811865475, 0.7071067811865476] ; [-0.7071067811865475, 0.7071067811865476] ; [-0.7071067811865475, 0.7071067811865476] ; [-0.7071067811865475, 0.7071067811865476])
essential apres contract (([-8.83893476483185, 9.192488155425125] ; [-9.192488155425123, 9.192488155425125] ; [-9.192488155425123, 9.192488155425125])
([-9.546041546018398, 9.546041546018398] ; [-9.546041546018398, 9.546041546018398] ; [-9.546041546018398, 9.546041546018398])
([-9.546041546018398, 9.546041546018398] ; [-9.546041546018398, 9.546041546018398] ; [-9.546041546018398, 9.546041546018398]))
determinant [-2.121420343559644, 2.121420343559644] point size 36
solution([0.01933495104806966, 0.02209708691207962] ; [-0.4967726481948452, -0.4907639136158905] ; [0.03866990209613938, 0.04419417382415928] ; [0.1767766952966369, 0.1878252387526768] ; [-0.00954062771661232, 5.551115123125783e-17] ; [-0.6836970705950152, -0.6797009611781262] ; [-0.03866990209613927, -0.03333435308171133] ; [0.5007025572003211, 0.506596896795214] ; [0.0165433937598644, 0.02321353839949005]) psize 28 qposs 23 qvalid 5
 time 0.1190380000000002
 nb boxes 102
 depth 52
 valid point (0.01933495104806967 ; -0.4967726481948451 ; 0.03965439588284843 ; 0.1878252387526768 ; -0.005316778893142517 ; -0.680404001561421 ; -0.03511316756717375 ; 0.5014382399040376 ; 0.01654339375986441)
 best sol point (0.01933495104806967 ; -0.4967726481948451 ; 0.03965439588284843 ; 0.1878252387526768 ; -0.005316778893142517 ; -0.680404001561421 ; -0.03511316756717375 ; 0.5014382399040376 ; 0.01654339375986441)
 qmax epsboxes 0
solution([0.01933495104806966, 0.02209708691207962] ; [-0.4967726481948452, -0.4937913148389022] ; [0.03866990209613938, 0.04419417382415928] ; [0.1767766952966369, 0.1878252387526768] ; [-0.009181090848041524, -0.004621646214839581] ; [-0.6836549168819407, -0.6798043741420094] ; [-0.03866990209613927, -0.0360021275889253] ; [0.5007639802212345, 0.5046375690029065] ; [0.0165433937598644, 0.02290503387555506]) psize 19 qposs 19 qvalid 7
 time 0.1267010000000002
 nb boxes 108
 depth 55
 valid point (0.01933495104806967 ; -0.4967726481948451 ; 0.04419417382415928 ; 0.1844573381800247 ; -0.004621646214839581 ; -0.680841319545052 ; -0.03741239704916876 ; 0.5013484793655297 ; 0.02172981061726074)
 best sol point (0.01933495104806967 ; -0.4967726481948451 ; 0.04419417382415928 ; 0.1844573381800247 ; -0.004621646214839581 ; -0.680841319545052 ; -0.03741239704916876 ; 0.5013484793655297 ; 0.02172981061726074)
 qmax epsboxes 0
solution([0.01933495104806966, 0.02209708691207962] ; [-0.4967726481948452, -0.4937913148389022] ; [0.03866990209613938, 0.04419417382415928] ; [0.1823009670246568, 0.1878252387526768] ; [-0.008879624725731154, -0.004621646214839581] ; [-0.6821635571340316, -0.6798100600755205] ; [-0.03866990209613927, -0.0360021275889253] ; [0.5007861598661315, 0.504603072034253] ; [0.01753384736130243, 0.0222875754783598]) psize 19 qposs 17 qvalid 8
 time 0.1336370000000003
 nb boxes 110
 depth 56
 valid point (0.02120822718639493 ; -0.4964762170119327 ; 0.04419417382415928 ; 0.1823009670246569 ; -0.005207958923462185 ; -0.6815656243423788 ; -0.03866990209613926 ; 0.5014403352994024 ; 0.02024274723248734)
 best sol point (0.02120822718639493 ; -0.4964762170119327 ; 0.04419417382415928 ; 0.1823009670246569 ; -0.005207958923462185 ; -0.6815656243423788 ; -0.03866990209613926 ; 0.5014403352994024 ; 0.02024274723248734)
 qmax epsboxes 0
solution([0.01933495104806966, 0.02209708691207962] ; [-0.4967726481948452, -0.4937913148389022] ; [0.04143203796014932, 0.04419417382415928] ; [0.1767766952966369, 0.1823009670246569] ; [-0.00820619565281606, -0.004621646214839581] ; [-0.6834124560405588, -0.6813064650828074] ; [-0.03866990209613927, -0.0360021275889253] ; [0.5008357788056246, 0.5045943538004907] ; [0.01882377837153906, 0.02286422935821247]) psize 19 qposs 18 qvalid 9
 time 0.1386830000000003
 nb boxes 112
 depth 57
 valid point (0.01933495104806967 ; -0.4967726481948451 ; 0.04220106082061255 ; 0.176776695296637 ; -0.004621646214839581 ; -0.6830760340748207 ; -0.0360021275889253 ; 0.5015126906490704 ; 0.02093252703643062)
 best sol point (0.01933495104806967 ; -0.4967726481948451 ; 0.04220106082061255 ; 0.176776695296637 ; -0.004621646214839581 ; -0.6830760340748207 ; -0.0360021275889253 ; 0.5015126906490704 ; 0.02093252703643062)
 qmax epsboxes 0
solution([0.01948135963941773, 0.02002548501407215] ; [-0.4967726481948452, -0.4961695039914482] ; [0.04216644428399342, 0.0428131058921543] ; [0.1767766952966369, 0.1778153198989751] ; [-0.005093084121104329, -0.004621646214839581] ; [-0.6831905086471158, -0.682716101565624] ; [-0.03715235221700739, -0.03666907121572879] ; [0.5011950351648755, 0.5017908751418732] ; [0.02074910999828986, 0.02143557079330146]) psize 15 qposs 12 qvalid 10
 time 0.2386450000000006
 nb boxes 158
 depth 69
 valid point (0.02002548501407215 ; -0.4962315386739216 ; 0.04270311795927981 ; 0.176776695296637 ; -0.004621646214839581 ; -0.6830639716749618 ; -0.03666907121572879 ; 0.5017908751418732 ; 0.02107186212077174)
 best sol point (0.02002548501407215 ; -0.4962315386739216 ; 0.04270311795927981 ; 0.176776695296637 ; -0.004621646214839581 ; -0.6830639716749618 ; -0.03666907121572879 ; 0.5017908751418732 ; 0.02107186212077174)
 qmax epsboxes 16
solution([0.02071601898007463, 0.02140655294607713] ; [-0.4967726481948452, -0.4951205506369689] ; [0.04143203796014932, 0.0428131058921543] ; [0.1767766952966369, 0.1795388311606469] ; [-0.004448958607417506, -0.00286527840069871] ; [-0.6832388240506182, -0.6821035080158606] ; [-0.03866990209613927, -0.03814353897507077] ; [0.5010195369991503, 0.5026450054551677] ; [0.02122985047062823, 0.02321353839949005]) psize 18 qposs 14 qvalid 11
 time 0.7513760000000059
 nb boxes 436
 depth 65
 valid point (0.02140655294607713 ; -0.4952021386795413 ; 0.04215498389939202 ; 0.176776695296637 ; -0.00286527840069871 ; -0.6830456939694184 ; -0.03866990209613926 ; 0.5026450054551677 ; 0.02206409325256973)
 best sol point (0.02140655294607713 ; -0.4952021386795413 ; 0.04215498389939202 ; 0.176776695296637 ; -0.00286527840069871 ; -0.6830456939694184 ; -0.03866990209613926 ; 0.5026450054551677 ; 0.02206409325256973)
 qmax epsboxes 16
solution([0.01975137703162524, 0.01983452438804971] ; [-0.4967726481948452, -0.4966389664327162] ; [0.03743215571261178, 0.0375568096548582] ; [0.1767766952966369, 0.1771219622796382] ; [-0.002563677487691745, -0.002478410920235128] ; [-0.6834798935040198, -0.6832759767280165] ; [-0.03511140317623274, -0.03503825193410813] ; [0.5014023277160076, 0.5016662204545753] ; [0.01953103180407551, 0.0196517644552516]) psize 13 qposs 13 qvalid 12
 time 6.089304000000384
 nb boxes 3412
 depth 73
 valid point (0.01979386522025399 ; -0.4967726481948451 ; 0.0375568096548582 ; 0.176776695296637 ; -0.002478410920235128 ; -0.6833868658597412 ; -0.03503825193410813 ; 0.5014261508445479 ; 0.01962635725830045)
 best sol point (0.01979386522025399 ; -0.4967726481948451 ; 0.0375568096548582 ; 0.176776695296637 ; -0.002478410920235128 ; -0.6833868658597412 ; -0.03503825193410813 ; 0.5014261508445479 ; 0.01962635725830045)
 qmax epsboxes 16
solution([0.01641459362630051, 0.01657281518405971] ; [-0.5041039113939714, -0.5037772189327721] ; [0.04378263279633552, 0.04419417382415928] ; [0.1788482971946444, 0.1795388311606469] ; [-0.008038144993724571, -0.007487127541712332] ; [-0.6825713903631806, -0.6821451453389937] ; [-0.03330006078578876, -0.03314563036811936] ; [0.4941638987292106, 0.4948224736259264] ; [0.0199488578101629, 0.020471828323762]) psize 15 qposs 14 qvalid 13
 time 9.337139000001008
 nb boxes 5582
 depth 60
 valid point (0.01657281518405971 ; -0.5037772189327721 ; 0.04419417382415928 ; 0.1795388311606469 ; -0.00798835731044244 ; -0.6822649169290226 ; -0.03314563036811936 ; 0.4947671803387041 ; 0.02006795920082284)
 best sol point (0.01657281518405971 ; -0.5037772189327721 ; 0.04419417382415928 ; 0.1795388311606469 ; -0.00798835731044244 ; -0.6822649169290226 ; -0.03314563036811936 ; 0.4947671803387041 ; 0.02006795920082284)
 qmax epsboxes 16
solution([0.02126236291907096, 0.02209708691207962] ; [-0.5053749667114811, -0.5034129446008337] ; [0.04059456006107634, 0.04239436694261782] ; [0.1767766952966369, 0.1795388311606469] ; [-0.002964606365928115, -0.001511270957040229] ; [-0.6831985629362856, -0.6821304832414368] ; [-0.03902085732600632, -0.03820937210029113] ; [0.4927403277997028, 0.4947620217004019] ; [0.0215041993612544, 0.02317875346726503]) psize 17 qposs 17 qvalid 15
 time 12.39379000000179
 nb boxes 7672
 depth 60
 valid point (0.02209708691207962 ; -0.5052608552001907 ; 0.04239380507133234 ; 0.176776695296637 ; -0.002964606365928114 ; -0.6829671852521543 ; -0.03839430532087498 ; 0.4927403277997029 ; 0.02317875346726503)
 best sol point (0.02209708691207962 ; -0.5052608552001907 ; 0.04239380507133234 ; 0.176776695296637 ; -0.002964606365928114 ; -0.6829671852521543 ; -0.03839430532087498 ; 0.4927403277997029 ; 0.02317875346726503)
 qmax epsboxes 16
solution([0.02189081411842698, 0.02209708691207962] ; [-0.5053182389507948, -0.5048922568549534] ; [0.04239436694261781, 0.04278138011502328] ; [0.1767766952966369, 0.1774107188167937] ; [-0.002964606365928115, -0.00266743329291664] ; [-0.6830896504392609, -0.6827700305896771] ; [-0.0387288362989761, -0.03849813874480753] ; [0.4927403277997028, 0.4931808541037203] ; [0.02298276939452196, 0.02335762467603809]) psize 16 qposs 16 qvalid 16
 time 12.49669400000182
 nb boxes 7734
 depth 68
 valid point (0.02209708691207962 ; -0.5048922568549534 ; 0.04239436694261782 ; 0.1774107188167937 ; -0.002920736039421973 ; -0.6828026721872082 ; -0.03849813874480753 ; 0.4931333589649713 ; 0.0230759452235338)
 best sol point (0.02209708691207962 ; -0.5048922568549534 ; 0.04239436694261782 ; 0.1774107188167937 ; -0.002920736039421973 ; -0.6828026721872082 ; -0.03849813874480753 ; 0.4931333589649713 ; 0.0230759452235338)
 qmax epsboxes 18
solution([0.01356287414179344, 0.01381067932004976] ; [-0.5065760890464515, -0.5060438265113129] ; [0.02442779911406964, 0.02485922277608962] ; [0.1767766952966369, 0.177754287283871] ; [-0.002504375299609047, -0.002032332099242142] ; [-0.6842279987787154, -0.6837375565706811] ; [-0.02329109305405271, -0.02308160350783965] ; [0.4927403277997028, 0.4932887030906443] ; [0.0124755542394487, 0.01310986608140086]) psize 18 qposs 18 qvalid 17
 time 19.44190100000421
 nb boxes 11950
 depth 65
 valid point (0.01381067932004976 ; -0.5065311364983324 ; 0.02458608693693884 ; 0.176776695296637 ; -0.002032332099242142 ; -0.6840981591041566 ; -0.02308160350783965 ; 0.4927403277997029 ; 0.01263023284298032)
 best sol point (0.01381067932004976 ; -0.5065311364983324 ; 0.02458608693693884 ; 0.176776695296637 ; -0.002032332099242142 ; -0.6840981591041566 ; -0.02308160350783965 ; 0.4927403277997029 ; 0.01263023284298032)
 qmax epsboxes 24
solution([0.01086344036611488, 0.01104854345603981] ; [-0.5248055815657612, -0.524311828492914] ; [0.03169894746964401, 0.03191563933036206] ; [0.1869053971137142, 0.1878252387526768] ; [-0.007126176311233551, -0.00676705989118917] ; [-0.6811866688453496, -0.6807217218215482] ; [-0.02230754948347807, -0.02209708691207955] ; [0.4733064353322088, 0.4738554054269836] ; [0.01455161161311102, 0.01495765782365615]) psize 21 qposs 20 qvalid 18
 time 33.02086300001132
 nb boxes 20290
 depth 63
 valid point (0.01088954748704114 ; -0.524311828492914 ; 0.03191563933036206 ; 0.1878252387526768 ; -0.00712617631123355 ; -0.680816552788831 ; -0.02209708691207955 ; 0.4738215001347965 ; 0.01495765782365615)
 best sol point (0.01088954748704114 ; -0.524311828492914 ; 0.03191563933036206 ; 0.1878252387526768 ; -0.00712617631123355 ; -0.680816552788831 ; -0.02209708691207955 ; 0.4738215001347965 ; 0.01495765782365615)
 qmax epsboxes 26
solution([0.01098289825282453, 0.01104854345603981] ; [-0.527172317726828, -0.5269403869843691] ; [0.03084277810793248, 0.03103567309787568] ; [0.1919684425486916, 0.1922626725641493] ; [-0.006499026820894045, -0.006319031204648489] ; [-0.679828984776006, -0.679665366300572] ; [-0.02216485025407709, -0.02209708691207955] ; [0.4706786934401649, 0.4709394304777708] ; [0.01482787708388756, 0.01491462010103652]) psize 19 qposs 19 qvalid 19
 time 39.59153700001785
 nb boxes 24454
 depth 68
 valid point (0.01104854345603981 ; -0.5269403869843691 ; 0.03103567309787568 ; 0.1922626725641493 ; -0.006499026820894044 ; -0.679665366300572 ; -0.02209708691207955 ; 0.4708367548260666 ; 0.01485718590888978)
 best sol point (0.01104854345603981 ; -0.5269403869843691 ; 0.03103567309787568 ; 0.1922626725641493 ; -0.006499026820894044 ; -0.679665366300572 ; -0.02209708691207955 ; 0.4708367548260666 ; 0.01485718590888978)
 qmax epsboxes 26
solution([0.02167197660218343, 0.02209708691207962] ; [-0.5277528182704027, -0.5268282905182291] ; [0.03404420786289997, 0.0346626323008716] ; [0.1850631028886668, 0.1878252387526768] ; [-0.001589982663325025, -0.000799074397648967] ; [-0.6813890678402059, -0.6803784629638792] ; [-0.03434922771159162, -0.03403229538847407] ; [0.4690220488156734, 0.4700679422981003] ; [0.02003317085294692, 0.02142707964653172]) psize 29 qposs 22 qvalid 20
 time 92.78327600010309
 nb boxes 59660
 depth 58
 valid point (0.02209708691207962 ; -0.5268282905182291 ; 0.0346626323008716 ; 0.1878252387526768 ; -0.001547654880491394 ; -0.6805633317035597 ; -0.03403229538847407 ; 0.4697305713335445 ; 0.02031778254582265)
 best sol point (0.02209708691207962 ; -0.5268282905182291 ; 0.0346626323008716 ; 0.1878252387526768 ; -0.001547654880491394 ; -0.6805633317035597 ; -0.03403229538847407 ; 0.4697305713335445 ; 0.02031778254582265)
 qmax epsboxes 26
solution([0.02184855647282042, 0.02209708691207962] ; [-0.5268282905182292, -0.5265133828803907] ; [0.03208104279223833, 0.0325221059205869] ; [0.1864441708206717, 0.18766810630824] ; [-0.0005571531248509668, 5.551115123125783e-17] ; [-0.6811720386853636, -0.6808446132067516] ; [-0.03335145154716198, -0.03314563036811936] ; [0.4697744111009933, 0.4701251600396971] ; [0.01921918858749586, 0.01984184461926138]) psize 22 qposs 21 qvalid 21
 time 100.0640970001173
 nb boxes 64096
 depth 63
 valid point (0.02209708691207962 ; -0.5268282905182291 ; 0.03217909638158863 ; 0.1875828325604388 ; -0.0005571531248509667 ; -0.6808446132067516 ; -0.03314563036811936 ; 0.4699112377760363 ; 0.01933026504468515)
 best sol point (0.02209708691207962 ; -0.5268282905182291 ; 0.03217909638158863 ; 0.1875828325604388 ; -0.0005571531248509667 ; -0.6808446132067516 ; -0.03314563036811936 ; 0.4699112377760363 ; 0.01933026504468515)
 qmax epsboxes 27
solution([0.02092797348027765, 0.02112194366573033] ; [-0.5241141657154743, -0.5235023712022217] ; [0.03311099308269906, 0.03338124815408867] ; [0.1866793492240938, 0.1878252387526768] ; [-0.0006969709613988915, -0.0003110615852877597] ; [-0.6807983316034131, -0.6804810663600278] ; [-0.03332050699723947, -0.03314563036811936] ; [0.4731801398847723, 0.4738617815330739] ; [0.0199514026183274, 0.02031395243135159]) psize 26 qposs 24 qvalid 22
 time 100.9201650001192
 nb boxes 64658
 depth 61
 valid point (0.02110947322870731 ; -0.5235023712022217 ; 0.03338124815408867 ; 0.1878252387526768 ; -0.0006969709613988914 ; -0.6805879626818067 ; -0.03314563036811936 ; 0.4738186044331064 ; 0.02006963241605453)
 best sol point (0.02110947322870731 ; -0.5235023712022217 ; 0.03338124815408867 ; 0.1878252387526768 ; -0.0006969709613988914 ; -0.6805879626818067 ; -0.03314563036811936 ; 0.4738186044331064 ; 0.02006963241605453)
 qmax epsboxes 27
solution([0.02172866403363803, 0.02209708691207962] ; [-0.5278123223801654, -0.5268655369920578] ; [0.0314190781376843, 0.03237504674666987] ; [0.191437665938857, 0.1933495104806967] ; [-0.0007546882324032223, 5.551115123125783e-17] ; [-0.6795115134097288, -0.6789766922308566] ; [-0.03375002031635238, -0.03314563036811936] ; [0.4690348188808037, 0.470096501173087] ; [0.01920725041525549, 0.02039421803555668]) psize 29 qposs 26 qvalid 24
 time 104.3487910001257
 nb boxes 66714
 depth 57
 valid point (0.02172866403363804 ; -0.5268655369920578 ; 0.03237504674666987 ; 0.1933495104806967 ; 5.551115123125783e-17 ; -0.679082911953537 ; -0.03317056618753008 ; 0.4700530901791692 ; 0.02006260580479233)
 best sol point (0.02172866403363804 ; -0.5268655369920578 ; 0.03237504674666987 ; 0.1933495104806967 ; 5.551115123125783e-17 ; -0.679082911953537 ; -0.03317056618753008 ; 0.4700530901791692 ; 0.02006260580479233)
 qmax epsboxes 28
solution([0.02167918705356531, 0.02209708691207962] ; [-0.5291689567675785, -0.5286263686535538] ; [0.03226306457725829, 0.03322733640630203] ; [0.1979090034940285, 0.1988737822087166] ; [-0.0007611012914666822, 5.551115123125783e-17] ; [-0.6778792261498538, -0.6773213460290569] ; [-0.0343294318328693, -0.03374954346832933] ; [0.4670789819859403, 0.4676893680339079] ; [0.01995529057401214, 0.02080282381385312]) psize 26 qposs 26 qvalid 25
 time 107.1673300001311
 nb boxes 68398
 depth 60
 valid point (0.02209708691207962 ; -0.5291689567675783 ; 0.03291378096606853 ; 0.1979090034940286 ; 5.551115123125783e-17 ; -0.6777697340180073 ; -0.03374954346832933 ; 0.4671409691117003 ; 0.02027349251484277)
 best sol point (0.02209708691207962 ; -0.5291689567675783 ; 0.03291378096606853 ; 0.1979090034940286 ; 5.551115123125783e-17 ; -0.6777697340180073 ; -0.03374954346832933 ; 0.4671409691117003 ; 0.02027349251484277)
 qmax epsboxes 28
solution([0.020729984722542, 0.02089641324742537] ; [-0.5289755985954154, -0.5284407336638005] ; [0.03274831856507029, 0.03322733640630203] ; [0.1974927142767115, 0.1985741543762024] ; [-0.0003642035218654318, 5.551115123125783e-17] ; [-0.6779798841973655, -0.6776744736892765] ; [-0.03331786572453404, -0.03314563036811936] ; [0.4677532135387776, 0.4683617050487803] ; [0.0200363856366203, 0.02023511840018788]) psize 26 qposs 26 qvalid 26
 time 110.0259700001361
 nb boxes 70012
 depth 60
 valid point (0.02089641324742537 ; -0.5284407336638005 ; 0.03322733640630203 ; 0.1984428798419872 ; -0.0003642035218654317 ; -0.6776744736892765 ; -0.03318520653234934 ; 0.4681639269091528 ; 0.02015557187101202)
 best sol point (0.02089641324742537 ; -0.5284407336638005 ; 0.03322733640630203 ; 0.1984428798419872 ; -0.0003642035218654317 ; -0.6776744736892765 ; -0.03318520653234934 ; 0.4681639269091528 ; 0.02015557187101202)
 qmax epsboxes 28
solution([0.01650103193605425, 0.01657281518405971] ; [-0.5186213128253959, -0.5183970755536644] ; [0.02693693381646992, 0.02708977871727703] ; [0.1850631028886668, 0.1856384462027834] ; [-0.0008155836062205361, -0.0006180672806991634] ; [-0.6818522427820836, -0.6816998841877776] ; [-0.02679082712547943, -0.02671472516382147] ; [0.4797728141664527, 0.480016167058361] ; [0.01588106591656691, 0.01602083358481869]) psize 27 qposs 27 qvalid 27
 time 119.9129100001569
 nb boxes 76560
 depth 67
 valid point (0.01657281518405971 ; -0.5183970755536644 ; 0.02708977871727703 ; 0.1855605433966007 ; -0.0008045398893926546 ; -0.6816998841877776 ; -0.02671472516382147 ; 0.4798324547901985 ; 0.01595383129896779)
 best sol point (0.01657281518405971 ; -0.5183970755536644 ; 0.02708977871727703 ; 0.1855605433966007 ; -0.0008045398893926546 ; -0.6816998841877776 ; -0.02671472516382147 ; 0.4798324547901985 ; 0.01595383129896779)
 qmax epsboxes 28
solution([0.009285837533584265, 0.009337620185851652] ; [-0.2674571790833763, -0.2669871793577873] ; [0.01506367571682306, 0.01543717753387248] ; [-0.08949914881855595, -0.08838834764831839] ; [-0.001084898525285675, -0.0007339629259268548] ; [-0.701520724941816, -0.70122020837651] ; [-0.01755870701596938, -0.0174320355280321] ; [0.6542729587173361, 0.6546492424238212] ; [0.007977647700739816, 0.008359374979273521]) psize 30 qposs 29 qvalid 28
 time 27756.87326286354
 nb boxes 18516238
 depth 61
 valid point (0.009337620185851652 ; -0.2669871793577873 ; 0.01528491533508139 ; -0.08838834764831839 ; -0.0007339629259268548 ; -0.7013596248111677 ; -0.0174320355280321 ; 0.6543767362061959 ; 0.008222616929021178)
 best sol point (0.009337620185851652 ; -0.2669871793577873 ; 0.01528491533508139 ; -0.08838834764831839 ; -0.0007339629259268548 ; -0.7013596248111677 ; -0.0174320355280321 ; 0.6543767362061959 ; 0.008222616929021178)
 qmax epsboxes 33
solution([0.01060903923209576, 0.01069808538299559] ; [-0.2665461108769603, -0.2653933709562173] ; [0.01788452325096844, 0.01859613798576694] ; [-0.09096225369437425, -0.08838834764831839] ; [-0.001332773932874962, -0.0008132622609648916] ; [-0.7010988805612235, -0.7007542141866791] ; [-0.01991599317734055, -0.01969531560219706] ; [0.6543854462806958, 0.6548454394857799] ; [0.009376254499711994, 0.009860024938545777]) psize 31 qposs 31 qvalid 29
 time 27793.87694587818
 nb boxes 18537960
 depth 58
 valid point (0.01069808538299559 ; -0.2658911820108816 ; 0.01830071866028911 ; -0.08893108876579791 ; -0.0008132622609648916 ; -0.7010988805612234 ; -0.01969531560219706 ; 0.6548454394857799 ; 0.009703178178056455)
 best sol point (0.01069808538299559 ; -0.2658911820108816 ; 0.01830071866028911 ; -0.08893108876579791 ; -0.0008132622609648916 ; -0.7010988805612234 ; -0.01969531560219706 ; 0.6548454394857799 ; 0.009703178178056455)
 qmax epsboxes 33
solution([0.01046575904795373, 0.01061016782766803] ; [-0.2659079750907674, -0.2651650429449552] ; [0.01795388311606474, 0.01864441708206724] ; [-0.08562621178430844, -0.08424514385230345] ; [-0.001167803494022698, -0.0007398034371725782] ; [-0.7019525635201181, -0.7017491871949061] ; [-0.01906184506378365, -0.01871174503302039] ; [0.6547505862020359, 0.6550496817002206] ; [0.009456933724449112, 0.009732801284520384]) psize 31 qposs 31 qvalid 30
 time 28300.60168909142
 nb boxes 18859884
 depth 65
 valid point (0.01046575904795374 ; -0.2653654059585297 ; 0.01864441708206724 ; -0.08498116104096256 ; -0.0007398034371725782 ; -0.7017491871949061 ; -0.01906184506378364 ; 0.6550496817002206 ; 0.009678625012878525)
 best sol point (0.01046575904795374 ; -0.2653654059585297 ; 0.01864441708206724 ; -0.08498116104096256 ; -0.0007398034371725782 ; -0.7017491871949061 ; -0.01906184506378364 ; 0.6550496817002206 ; 0.009678625012878525)
 qmax epsboxes 33
Number of branches : 24342320
time used : 34248.26335062213
 remaining small boxes  1856425 max possible inliers in small boxes 33
 best sol point 0.01046575904795374 -0.2653654059585297 0.01864441708206724 -0.08498116104096256 -0.0007398034371725782 -0.7017491871949061 -0.01906184506378364 0.6550496817002206 0.009678625012878525 
 nb inliers 30
0  1  2  3  5  6  7  9  10  11  12  13  14  15  16  17  18  19  20  21  22  23  25  26  28  29  30  32  34  35  
essential (([-0.0001140305038993701, 8.596949610064466e-05] ; [-6.07099260308385e-05, 0.0001392900739695502] ; [-0.0001328553918350931, 6.714460816493688e-05])
([-0.0001090821276024424, 9.091787239763341e-05] ; [-0.0001984947359886297, 1.505264011377342e-06] ; [-0.0001977524874298039, 2.247512570819821e-06])
([-8.967137864929693e-05, 0.0001103286213507253] ; [-0.0001899331626532663, 1.00668373474693e-05] ; [-8.114282389912233e-06, 0.0001918857176101074]))determinant [-9.52674716657726e-05, 0.0001047325283342318] time used 34248.26335062213  
 total branch number 24342320
