essential_test4.txt
 fin lecture 
 p 36
 avant lecture 
 apres lecture 
ctc2 size 36
 apres contraintes 
0.0121462  -0.149517  0.0272993  -0.138859  0.00147601  -0.69268  -0.0281015  0.690426  0.0136108  
0 0.707107
-0.707106 0.707107
-0.707106 0.707107
-0.707106 0.707107
-0.707106 0.707107
-0.707106 0.707107
-0.707106 0.707107
-0.707106 0.707107
-0.707106 0.707107
 box ([0, 0.7071067811865476] ; [-0.7071067811865475, 0.7071067811865476] ; [-0.7071067811865475, 0.7071067811865476] ; [-0.7071067811865475, 0.7071067811865476] ; [-0.7071067811865475, 0.7071067811865476] ; [-0.7071067811865475, 0.7071067811865476] ; [-0.7071067811865475, 0.7071067811865476] ; [-0.7071067811865475, 0.7071067811865476] ; [-0.7071067811865475, 0.7071067811865476])
 Q 10
 nobs 36
 nobs 36
 solution 4 24
 avant solver ([0, 0.7071067811865476] ; [-0.7071067811865475, 0.7071067811865476] ; [-0.7071067811865475, 0.7071067811865476] ; [-0.7071067811865475, 0.7071067811865476] ; [-0.7071067811865475, 0.7071067811865476] ; [-0.7071067811865475, 0.7071067811865476] ; [-0.7071067811865475, 0.7071067811865476] ; [-0.7071067811865475, 0.7071067811865476] ; [-0.7071067811865475, 0.7071067811865476])
 nb inliers 36
 apres solver 
box init ([0, 0.7071067811865476] ; [-0.7071067811865475, 0.7071067811865476] ; [-0.7071067811865475, 0.7071067811865476] ; [-0.7071067811865475, 0.7071067811865476] ; [-0.7071067811865475, 0.7071067811865476] ; [-0.7071067811865475, 0.7071067811865476] ; [-0.7071067811865475, 0.7071067811865476] ; [-0.7071067811865475, 0.7071067811865476] ; [-0.7071067811865475, 0.7071067811865476])
essential (([-8.83893476483185, 9.192488155425125] ; [-9.192488155425123, 9.192488155425125] ; [-9.192488155425123, 9.192488155425125])
([-9.546041546018398, 9.546041546018398] ; [-9.546041546018398, 9.546041546018398] ; [-9.546041546018398, 9.546041546018398])
([-9.546041546018398, 9.546041546018398] ; [-9.546041546018398, 9.546041546018398] ; [-9.546041546018398, 9.546041546018398]))
 box apres essential  ([0, 0.7071067811865476] ; [-0.7071067811865475, 0.7071067811865476] ; [-0.7071067811865475, 0.7071067811865476] ; [-0.7071067811865475, 0.7071067811865476] ; [-0.7071067811865475, 0.7071067811865476] ; [-0.7071067811865475, 0.7071067811865476] ; [-0.7071067811865475, 0.7071067811865476] ; [-0.7071067811865475, 0.7071067811865476] ; [-0.7071067811865475, 0.7071067811865476])
 box apres ctcnorm  ([0, 0.7071067811865476] ; [-0.7071067811865475, 0.7071067811865476] ; [-0.7071067811865475, 0.7071067811865476] ; [-0.7071067811865475, 0.7071067811865476] ; [-0.7071067811865475, 0.7071067811865476] ; [-0.7071067811865475, 0.7071067811865476] ; [-0.7071067811865475, 0.7071067811865476] ; [-0.7071067811865475, 0.7071067811865476] ; [-0.7071067811865475, 0.7071067811865476])
essential apres contract (([-8.83893476483185, 9.192488155425125] ; [-9.192488155425123, 9.192488155425125] ; [-9.192488155425123, 9.192488155425125])
([-9.546041546018398, 9.546041546018398] ; [-9.546041546018398, 9.546041546018398] ; [-9.546041546018398, 9.546041546018398])
([-9.546041546018398, 9.546041546018398] ; [-9.546041546018398, 9.546041546018398] ; [-9.546041546018398, 9.546041546018398]))
determinant [-2.121420343559644, 2.121420343559644] point size 36
solution([0.0110485434560398, 0.01242961138804479] ; [-0.1546796083845573, -0.1436310649285174] ; [0.02209708691207966, 0.02762135864009957] ; [-0.1433639980886633, -0.1325825214724776] ; [5.551115123125782e-17, 0.007083060662391893] ; [-0.694754011552958, -0.6911263420866086] ; [-0.03314563036811937, -0.02209708691207955] ; [0.6884219950674963, 0.6925101265314044] ; [0.009742433226167759, 0.0168471646658682]) psize 31 q1 31 q2 14
 time 0.1195070000000003
 nb boxes 116
 depth 59
 valid point (0.01104854345603981 ; -0.1436310649285174 ; 0.02762135864009957 ; -0.1325825214724776 ; 0.001455215847040959 ; -0.693912269458619 ; -0.02507925975480924 ; 0.6917987131323178 ; 0.01250745550287828)
 best sol point (0.01104854345603981 ; -0.1436310649285174 ; 0.02762135864009957 ; -0.1325825214724776 ; 0.001455215847040959 ; -0.693912269458619 ; -0.02507925975480924 ; 0.6917987131323178 ; 0.01250745550287828)
solution([0.0110485434560398, 0.01242961138804479] ; [-0.1546796083845573, -0.1491553366565373] ; [0.02209708691207966, 0.02762135864009957] ; [-0.1433639980886633, -0.1355174964269932] ; [5.551115123125782e-17, 0.003027237054031643] ; [-0.6929459297199323, -0.691370638010433] ; [-0.03314563036811937, -0.02762135864009945] ; [0.688653522638971, 0.690965486646335] ; [0.01048102923956783, 0.01361132792055536]) psize 31 q1 31 q2 19
 time 0.1301200000000003
 nb boxes 124
 depth 63
 valid point (0.01157060101553788 ; -0.1491553366565373 ; 0.02477653078090564 ; -0.1404566577200364 ; 0.00205524957714172 ; -0.6924440791872461 ; -0.02762135864009945 ; 0.6905249636531037 ; 0.01361132792055536)
 best sol point (0.01157060101553788 ; -0.1491553366565373 ; 0.02477653078090564 ; -0.1404566577200364 ; 0.00205524957714172 ; -0.6924440791872461 ; -0.02762135864009945 ; 0.6905249636531037 ; 0.01361132792055536)
solution([0.0110485434560398, 0.01242961138804479] ; [-0.1543395924670877, -0.1491553366565373] ; [0.02209708691207966, 0.02762135864009957] ; [-0.1433639980886633, -0.1355578030030467] ; [5.551115123125782e-17, 0.002989261347069458] ; [-0.6929459297199323, -0.6913760001072457] ; [-0.03314563036811937, -0.02762135864009945] ; [0.689809504642653, 0.6909601178198325] ; [0.01051394023728335, 0.01361132792055536]) psize 31 q1 31 q2 20
 time 0.1384550000000004
 nb boxes 126
 depth 64
 valid point (0.01144127834063227 ; -0.1523883598887093 ; 0.02394412767775258 ; -0.1381322226439512 ; 0.002232495273548026 ; -0.6929459297199322 ; -0.02762135864009945 ; 0.6898095046426531 ; 0.01361132792055536)
 best sol point (0.01144127834063227 ; -0.1523883598887093 ; 0.02394412767775258 ; -0.1381322226439512 ; 0.002232495273548026 ; -0.6929459297199322 ; -0.02762135864009945 ; 0.6898095046426531 ; 0.01361132792055536)
solution([0.0110485434560398, 0.01215736084455578] ; [-0.1530702931932215, -0.151628932561367] ; [0.02209708691207966, 0.02485922277608962] ; [-0.1377596802137371, -0.1362940803777437] ; [0.001610105769314017, 0.003282236294784638] ; [-0.6929459297199323, -0.6926555724602427] ; [-0.02900242657210444, -0.02762135864009945] ; [0.6897829361192896, 0.6901012102799903] ; [0.01361132792055535, 0.0153571697754053]) psize 31 q1 31 q2 21
 time 1.927400000000031
 nb boxes 1000
 depth 71
 valid point (0.01145448389658451 ; -0.1525913423173511 ; 0.024403184348167 ; -0.137759680213737 ; 0.002038258892876781 ; -0.6929459297199322 ; -0.02762135864009945 ; 0.6897829361192898 ; 0.01361132792055536)
 best sol point (0.01145448389658451 ; -0.1525913423173511 ; 0.024403184348167 ; -0.137759680213737 ; 0.002038258892876781 ; -0.6929459297199322 ; -0.02762135864009945 ; 0.6897829361192898 ; 0.01361132792055536)
solution([0.0110485434560398, 0.01242961138804479] ; [-0.1546796083845573, -0.1494699540701259] ; [0.02209708691207966, 0.02762135864009957] ; [-0.1366399555904954, -0.1325825214724776] ; [5.551115123125782e-17, 0.003103420415362135] ; [-0.6945280386305069, -0.6929459297199322] ; [-0.03314563036811937, -0.02762135864009945] ; [0.6886734191297161, 0.6898042824027606] ; [0.01039122910804055, 0.01360454965757416]) psize 31 q1 31 q2 22
 time 2.815819000000068
 nb boxes 1396
 depth 65
 valid point (0.01153233193879653 ; -0.1546796083845572 ; 0.02503847604522499 ; -0.1325825214724776 ; 0.002121832811957499 ; -0.6939975723317803 ; -0.02762135864009945 ; 0.6893040189480524 ; 0.01360454965757416)
 best sol point (0.01153233193879653 ; -0.1546796083845572 ; 0.02503847604522499 ; -0.1325825214724776 ; 0.002121832811957499 ; -0.6939975723317803 ; -0.02762135864009945 ; 0.6893040189480524 ; 0.01360454965757416)
solution([0.01194857959864663, 0.01242961138804479] ; [-0.1747069384539941, -0.1727196313962164] ; [0.02209708691207966, 0.02384449681966542] ; [-0.1436310649285175, -0.1422499969965124] ; [0.001344285147039528, 0.00250664915175328] ; [-0.6924751201060191, -0.6916112234913083] ; [-0.02850433518124409, -0.02706334327507092] ; [0.6841750308943367, 0.6846688421696721] ; [0.0130431262310031, 0.01426301393894639]) psize 31 q1 31 q2 23
 time 4927.201429205959
 nb boxes 2312972
 depth 71
 valid point (0.01224736060816199 ; -0.174706938453994 ; 0.02209708691207967 ; -0.1422499969965124 ; 0.001344285147039529 ; -0.6921759301576433 ; -0.02706334327507092 ; 0.6846059691487104 ; 0.01315274431172778)
 best sol point (0.01224736060816199 ; -0.174706938453994 ; 0.02209708691207967 ; -0.1422499969965124 ; 0.001344285147039529 ; -0.6921759301576433 ; -0.02706334327507092 ; 0.6846059691487104 ; 0.01315274431172778)
solution([0.01114821213469231, 0.01242961138804479] ; [-0.1767766952966369, -0.1746590240194692] ; [0.02209708691207966, 0.02485922277608962] ; [-0.1408689290645075, -0.1381067932004975] ; [5.551115123125782e-17, 0.001215623119561746] ; [-0.6933301162085263, -0.6920797550805065] ; [-0.02706334327507093, -0.02458021509357524] ; [0.6837003858841824, 0.6847560627729448] ; [0.01224699936846557, 0.01352153702805728]) psize 31 q1 31 q2 24
 time 4933.581424206524
 nb boxes 2315744
 depth 70
 valid point (0.01215331486123961 ; -0.1767766952966368 ; 0.02209708691207967 ; -0.1381067932004975 ; 0.001215623119561746 ; -0.6930416011781281 ; -0.02706334327507092 ; 0.683917986441033 ; 0.01309641313646513)
 best sol point (0.01215331486123961 ; -0.1767766952966368 ; 0.02209708691207967 ; -0.1381067932004975 ; 0.001215623119561746 ; -0.6930416011781281 ; -0.02706334327507092 ; 0.683917986441033 ; 0.01309641313646513)
solution([0.0110485434560398, 0.01194453636412383] ; [-0.1756965694640938, -0.1716625583487222] ; [0.01900513822964628, 0.02209708691207967] ; [-0.1242961138804478, -0.1215339780164378] ; [0.0005813954435140417, 0.002463870533371374] ; [-0.6965513324097273, -0.6953308950907559] ; [-0.02834869883341325, -0.02615239660964028] ; [0.6846344255120868, 0.685659773831038] ; [0.01203234246729209, 0.01401167558364533]) psize 31 q1 31 q2 25
 time 13711.08936252791
 nb boxes 6348350
 depth 66
 valid point (0.01176025822474022 ; -0.1742802829485608 ; 0.02209708691207967 ; -0.1215339780164378 ; 0.002463870533371374 ; -0.6961112796895647 ; -0.02834869883341324 ; 0.6846344255120869 ; 0.0137571875354981)
 best sol point (0.01176025822474022 ; -0.1742802829485608 ; 0.02209708691207967 ; -0.1215339780164378 ; 0.002463870533371374 ; -0.6961112796895647 ; -0.02834869883341324 ; 0.6846344255120869 ; 0.0137571875354981)
time limit 50000s. reached 
 max possible inliers in open nodes 36
Number of branches : 23797062
time used : 50000.00205754371
 remaining small boxes  11570572 max possible inliers in small boxes 31
 best sol point 0.01176025822474022 -0.1742802829485608 0.02209708691207967 -0.1215339780164378 0.002463870533371374 -0.6961112796895647 -0.02834869883341324 0.6846344255120869 0.0137571875354981 
ctc2 size 36
 nobs 36
 nobs 36
 nb inliers 36
essential (([-0.0001745147937536856, 2.548520624632923e-05] ; [-0.0001178666937246386, 8.213330627563901e-05] ; [-0.0001093689219209169, 9.063107807911614e-05])
([-8.703583244251471e-05, 0.0001129641675575937] ; [-0.0001794585961971292, 2.054140380288216e-05] ; [-3.060887466980294e-05, 0.000169391125330816])
([-0.0001080437819829863, 9.195621801704451e-05] ; [-3.172698859460191e-05, 0.0001682730114061129] ; [-2.104884491331014e-05, 0.0001789511550867124]))determinant [-6.256284274509693e-05, 0.0001374371572549079] time used 50000.00205754371  
 total branch number 23797062
