essential_test4.txt
 fin lecture 
 p 36
 avant lecture 
 apres lecture 
0.00106429
-0.638571
0.00106429
-0.424649
 apres contraintes 
 box ([0, 0.7071067811865476] ; [-0.7071067811865475, 0.7071067811865476] ; [-0.7071067811865475, 0.7071067811865476] ; [-0.7071067811865475, 0.7071067811865476] ; [-0.7071067811865475, 0.7071067811865476] ; [-0.7071067811865475, 0.7071067811865476] ; [-0.7071067811865475, 0.7071067811865476] ; [-0.7071067811865475, 0.7071067811865476] ; [-0.7071067811865475, 0.7071067811865476])
 Q 10
 solution ransac 0
 avant solver 
 nb inliers 36
 apres solver 
 oracle (0.0212236 ; -0.4939787999999999 ; 0.04200220000000001 ; 0.1820916 ; -0.0056804 ; -0.6818421 ; -0.0376943 ; 0.5039347 ; 0.0173491)
box init ([0, 0.7071067811865476] ; [-0.7071067811865475, 0.7071067811865476] ; [-0.7071067811865475, 0.7071067811865476] ; [-0.7071067811865475, 0.7071067811865476] ; [-0.7071067811865475, 0.7071067811865476] ; [-0.7071067811865475, 0.7071067811865476] ; [-0.7071067811865475, 0.7071067811865476] ; [-0.7071067811865475, 0.7071067811865476] ; [-0.7071067811865475, 0.7071067811865476])
essential (([-8.83893476483185, 9.192488155425125] ; [-9.192488155425123, 9.192488155425125] ; [-9.192488155425123, 9.192488155425125])
([-9.546041546018398, 9.546041546018398] ; [-9.546041546018398, 9.546041546018398] ; [-9.546041546018398, 9.546041546018398])
([-9.546041546018398, 9.546041546018398] ; [-9.546041546018398, 9.546041546018398] ; [-9.546041546018398, 9.546041546018398]))
 box apres essential  ([0, 0.7071067811865476] ; [-0.7071067811865475, 0.7071067811865476] ; [-0.7071067811865475, 0.7071067811865476] ; [-0.7071067811865475, 0.7071067811865476] ; [-0.7071067811865475, 0.7071067811865476] ; [-0.7071067811865475, 0.7071067811865476] ; [-0.7071067811865475, 0.7071067811865476] ; [-0.7071067811865475, 0.7071067811865476] ; [-0.7071067811865475, 0.7071067811865476])
 box apres ctcnorm  ([0, 0.7071067811865476] ; [-0.7071067811865475, 0.7071067811865476] ; [-0.7071067811865475, 0.7071067811865476] ; [-0.7071067811865475, 0.7071067811865476] ; [-0.7071067811865475, 0.7071067811865476] ; [-0.7071067811865475, 0.7071067811865476] ; [-0.7071067811865475, 0.7071067811865476] ; [-0.7071067811865475, 0.7071067811865476] ; [-0.7071067811865475, 0.7071067811865476])
essential apres contract (([-8.83893476483185, 9.192488155425125] ; [-9.192488155425123, 9.192488155425125] ; [-9.192488155425123, 9.192488155425125])
([-9.546041546018398, 9.546041546018398] ; [-9.546041546018398, 9.546041546018398] ; [-9.546041546018398, 9.546041546018398])
([-9.546041546018398, 9.546041546018398] ; [-9.546041546018398, 9.546041546018398] ; [-9.546041546018398, 9.546041546018398]))
determinant [-2.121420343559644, 2.121420343559644] point size 36
solution([0.01933495104806966, 0.02209708691207962] ; [-0.4967726481948452, -0.4907639136158905] ; [0.03866990209613938, 0.04419417382415928] ; [0.1767766952966369, 0.1878252387526768] ; [-0.00954062771661232, 5.551115123125783e-17] ; [-0.6836970705950152, -0.6797009611781262] ; [-0.03866990209613927, -0.03333435308171133] ; [0.5007025572003211, 0.506596896795214] ; [0.0165433937598644, 0.02321353839949005]) psize 28 qposs 23 qvalid 5
 time 0.1199270000000002
 nb boxes 102
 depth 52
 valid point (0.01933495104806967 ; -0.4967726481948451 ; 0.03965439588284843 ; 0.1878252387526768 ; -0.005316778893142517 ; -0.680404001561421 ; -0.03511316756717375 ; 0.5014382399040376 ; 0.01654339375986441)
 best sol point (0.01933495104806967 ; -0.4967726481948451 ; 0.03965439588284843 ; 0.1878252387526768 ; -0.005316778893142517 ; -0.680404001561421 ; -0.03511316756717375 ; 0.5014382399040376 ; 0.01654339375986441)
 qmax epsboxes 0
solution([0.01933495104806966, 0.02209708691207962] ; [-0.4967726481948452, -0.4937913148389022] ; [0.03866990209613938, 0.04419417382415928] ; [0.1767766952966369, 0.1878252387526768] ; [-0.009181090848041524, -0.004621646214839581] ; [-0.6836549168819407, -0.6798043741420094] ; [-0.03866990209613927, -0.0360021275889253] ; [0.5007639802212345, 0.5046375690029065] ; [0.0165433937598644, 0.02290503387555506]) psize 19 qposs 19 qvalid 7
 time 0.1273140000000003
 nb boxes 108
 depth 55
 valid point (0.01933495104806967 ; -0.4967726481948451 ; 0.04419417382415928 ; 0.1844573381800247 ; -0.004621646214839581 ; -0.680841319545052 ; -0.03741239704916876 ; 0.5013484793655297 ; 0.02172981061726074)
 best sol point (0.01933495104806967 ; -0.4967726481948451 ; 0.04419417382415928 ; 0.1844573381800247 ; -0.004621646214839581 ; -0.680841319545052 ; -0.03741239704916876 ; 0.5013484793655297 ; 0.02172981061726074)
 qmax epsboxes 0
solution([0.01933495104806966, 0.02209708691207962] ; [-0.4967726481948452, -0.4937913148389022] ; [0.03866990209613938, 0.04419417382415928] ; [0.1823009670246568, 0.1878252387526768] ; [-0.008879624725731154, -0.004621646214839581] ; [-0.6821635571340316, -0.6798100600755205] ; [-0.03866990209613927, -0.0360021275889253] ; [0.5007861598661315, 0.504603072034253] ; [0.01753384736130243, 0.0222875754783598]) psize 19 qposs 17 qvalid 8
 time 0.1345210000000003
 nb boxes 110
 depth 56
 valid point (0.02120822718639493 ; -0.4964762170119327 ; 0.04419417382415928 ; 0.1823009670246569 ; -0.005207958923462185 ; -0.6815656243423788 ; -0.03866990209613926 ; 0.5014403352994024 ; 0.02024274723248734)
 best sol point (0.02120822718639493 ; -0.4964762170119327 ; 0.04419417382415928 ; 0.1823009670246569 ; -0.005207958923462185 ; -0.6815656243423788 ; -0.03866990209613926 ; 0.5014403352994024 ; 0.02024274723248734)
 qmax epsboxes 0
solution([0.01933495104806966, 0.02209708691207962] ; [-0.4967726481948452, -0.4937913148389022] ; [0.04143203796014932, 0.04419417382415928] ; [0.1767766952966369, 0.1823009670246569] ; [-0.00820619565281606, -0.004621646214839581] ; [-0.6834124560405588, -0.6813064650828074] ; [-0.03866990209613927, -0.0360021275889253] ; [0.5008357788056246, 0.5045943538004907] ; [0.01882377837153906, 0.02286422935821247]) psize 19 qposs 18 qvalid 9
 time 0.1396470000000003
 nb boxes 112
 depth 57
 valid point (0.01933495104806967 ; -0.4967726481948451 ; 0.04220106082061255 ; 0.176776695296637 ; -0.004621646214839581 ; -0.6830760340748207 ; -0.0360021275889253 ; 0.5015126906490704 ; 0.02093252703643062)
 best sol point (0.01933495104806967 ; -0.4967726481948451 ; 0.04220106082061255 ; 0.176776695296637 ; -0.004621646214839581 ; -0.6830760340748207 ; -0.0360021275889253 ; 0.5015126906490704 ; 0.02093252703643062)
 qmax epsboxes 17
solution([0.02002548501407214, 0.02071601898007464] ; [-0.4959191079246132, -0.4950669904205551] ; [0.04143203796014932, 0.0428131058921543] ; [0.1767766952966369, 0.1795388311606469] ; [-0.004621646214839582, -0.002981076205081993] ; [-0.6832725251353613, -0.6821685522944487] ; [-0.03787597517434907, -0.03733601484253228] ; [0.5019361949200272, 0.5027719922497276] ; [0.01999577639561297, 0.02159635808107383]) psize 16 qposs 13 qvalid 10
 time 0.316620000000001
 nb boxes 202
 depth 67
 valid point (0.02071601898007464 ; -0.4951879754573382 ; 0.04143203796014933 ; 0.176776695296637 ; -0.002981076205081993 ; -0.683103372813312 ; -0.03766586976070041 ; 0.5027719922497276 ; 0.02159635808107383)
 best sol point (0.02071601898007464 ; -0.4951879754573382 ; 0.04143203796014933 ; 0.176776695296637 ; -0.002981076205081993 ; -0.683103372813312 ; -0.03766586976070041 ; 0.5027719922497276 ; 0.02159635808107383)
 qmax epsboxes 18
solution([0.02027496733430793, 0.02071601898007464] ; [-0.4967726481948452, -0.4961685222997943] ; [0.04154562466077806, 0.04215439860154497] ; [0.1767766952966369, 0.1777454774139266] ; [-0.004260283094119363, -0.003801361209960787] ; [-0.6832155782537105, -0.6827139628787417] ; [-0.0377278565798368, -0.03733601484253228] ; [0.501140643418152, 0.5017360709332102] ; [0.02094483233034418, 0.02159635808107383]) psize 14 qposs 13 qvalid 11
 time 0.3390460000000012
 nb boxes 212
 depth 72
 valid point (0.02071601898007464 ; -0.4967726481948451 ; 0.04215439860154497 ; 0.176776695296637 ; -0.003801361209960787 ; -0.6830790734474259 ; -0.03733601484253228 ; 0.5011946744730989 ; 0.02144407988493537)
 best sol point (0.02071601898007464 ; -0.4967726481948451 ; 0.04215439860154497 ; 0.176776695296637 ; -0.003801361209960787 ; -0.6830790734474259 ; -0.03733601484253228 ; 0.5011946744730989 ; 0.02144407988493537)
 qmax epsboxes 18
solution([0.01597956505993623, 0.01657281518405971] ; [-0.5058560600128842, -0.5037905468270658] ; [0.04191056679163586, 0.04419417382415928] ; [0.1767766952966369, 0.1823009670246569] ; [-0.008640008054941508, -0.005580942102360866] ; [-0.6830986811144808, -0.6813810364111086] ; [-0.03372245519368554, -0.03314563036811936] ; [0.4927403277997028, 0.4948770084155082] ; [0.01877471615723027, 0.02092715359358183]) psize 19 qposs 18 qvalid 12
 time 0.9501210000000091
 nb boxes 588
 depth 52
 valid point (0.01657281518405971 ; -0.5056464183427624 ; 0.04419417382415928 ; 0.1798717317863967 ; -0.007589352621002978 ; -0.6822114393190867 ; -0.03314563036811936 ; 0.4927403277997029 ; 0.02092715359358183)
 best sol point (0.01657281518405971 ; -0.5056464183427624 ; 0.04419417382415928 ; 0.1798717317863967 ; -0.007589352621002978 ; -0.6822114393190867 ; -0.03314563036811936 ; 0.4927403277997029 ; 0.02092715359358183)
 qmax epsboxes 24
solution([0.01933495104806966, 0.02209708691207962] ; [-0.5058077993964942, -0.5015613820394805] ; [0.03331951365094994, 0.03866990209613939] ; [0.1767766952966369, 0.1823009670246569] ; [-0.004272394792574166, 5.551115123125783e-17] ; [-0.6837485115658887, -0.6814534272683422] ; [-0.03820937210029114, -0.03567750123420525] ; [0.4927403277997028, 0.4970658995001424] ; [0.01905102479318742, 0.02500309204205711]) psize 30 qposs 27 qvalid 13
 time 1.266030000000019
 nb boxes 776
 depth 53
 valid point (0.02209708691207962 ; -0.502352995796693 ; 0.03866990209613939 ; 0.1790256952923891 ; -0.00148163456021541 ; -0.6826444906165158 ; -0.03736019137769658 ; 0.4956680377478695 ; 0.02134451736718994)
 best sol point (0.02209708691207962 ; -0.502352995796693 ; 0.03866990209613939 ; 0.1790256952923891 ; -0.00148163456021541 ; -0.6826444906165158 ; -0.03736019137769658 ; 0.4956680377478695 ; 0.02134451736718994)
 qmax epsboxes 27
solution([0.02039932364355682, 0.02209708691207962] ; [-0.503620737436664, -0.5015613820394805] ; [0.03365289002019847, 0.03599470787354467] ; [0.1767766952966369, 0.1823009670246569] ; [-0.001862898193891332, 5.551115123125783e-17] ; [-0.6836848627511022, -0.6817663712110777] ; [-0.03712341209580007, -0.03567750123420525] ; [0.4943074154834326, 0.4969356818416725] ; [0.01929286362208919, 0.02221049849600155]) psize 27 qposs 24 qvalid 14
 time 1.278088000000019
 nb boxes 780
 depth 55
 valid point (0.02209708691207962 ; -0.5036207374366639 ; 0.03599470787354467 ; 0.176776695296637 ; 5.551115123125783e-17 ; -0.6833798166092821 ; -0.03652996263398836 ; 0.4944366961781424 ; 0.02148096705622463)
 best sol point (0.02209708691207962 ; -0.5036207374366639 ; 0.03599470787354467 ; 0.176776695296637 ; 5.551115123125783e-17 ; -0.6833798166092821 ; -0.03652996263398836 ; 0.4944366961781424 ; 0.02148096705622463)
 qmax epsboxes 27
solution([0.02080266469291317, 0.02209708691207962] ; [-0.5056465343520234, -0.5036207374366639] ; [0.03376012510338776, 0.03599470787354467] ; [0.1767766952966369, 0.1795388311606469] ; [-0.001874638870044341, 5.551115123125783e-17] ; [-0.6836560517244707, -0.6824933180180678] ; [-0.03677091038587955, -0.03567750123420525] ; [0.4927403277997028, 0.4948210927840613] ; [0.01956402686470247, 0.0223596929110664]) psize 27 qposs 26 qvalid 15
 time 1.28071600000002
 nb boxes 782
 depth 56
 valid point (0.02209708691207962 ; -0.5054541565315302 ; 0.03599470787354467 ; 0.176776695296637 ; 5.551115123125783e-17 ; -0.6833557433906258 ; -0.03632532580934122 ; 0.4927403277997029 ; 0.02155841563804251)
 best sol point (0.02209708691207962 ; -0.5054541565315302 ; 0.03599470787354467 ; 0.176776695296637 ; 5.551115123125783e-17 ; -0.6833557433906258 ; -0.03632532580934122 ; 0.4927403277997029 ; 0.02155841563804251)
 qmax epsboxes 27
solution([0.02193293444949685, 0.02209708691207962] ; [-0.5055323604207841, -0.5053187140441482] ; [0.03535702370956098, 0.03565516318962534] ; [0.1767766952966369, 0.177426822697526] ; [-0.0003913879871416521, 5.551115123125783e-17] ; [-0.6835236439425317, -0.6833629121217579] ; [-0.03631651159040884, -0.03617717105377776] ; [0.4927403277997028, 0.4929616812079494] ; [0.02079476700367274, 0.02131370255394222]) psize 17 qposs 16 qvalid 16
 time 1.327941000000021
 nb boxes 806
 depth 68
 valid point (0.02209708691207962 ; -0.5053187140441482 ; 0.03565516318962534 ; 0.177297677206337 ; -0.0001156495044990774 ; -0.6833629121217579 ; -0.03617717105377776 ; 0.4927719937569816 ; 0.02097991814815261)
 best sol point (0.02209708691207962 ; -0.5053187140441482 ; 0.03565516318962534 ; 0.177297677206337 ; -0.0001156495044990774 ; -0.6833629121217579 ; -0.03617717105377776 ; 0.4927719937569816 ; 0.02097991814815261)
 qmax epsboxes 27
solution([0.01267069536096344, 0.01381067932004976] ; [-0.5065796792795182, -0.5043204701956622] ; [0.02594024958078525, 0.02762135864009957] ; [0.1767766952966369, 0.1823009670246569] ; [-0.004035516866890888, -0.0003406361158164976] ; [-0.6841507411018882, -0.6823534503092625] ; [-0.02517679910229204, -0.02406612010359974] ; [0.4927403277997028, 0.4950604174509922] ; [0.01288207902083118, 0.0153474948835989]) psize 28 qposs 24 qvalid 17
 time 1.57620400000003
 nb boxes 974
 depth 55
 valid point (0.01381067932004976 ; -0.5063580766319655 ; 0.02762135864009957 ; 0.176776695296637 ; -0.003290284077968282 ; -0.6839193010010393 ; -0.02406612010359974 ; 0.4927403277997029 ; 0.01355194651940142)
 best sol point (0.01381067932004976 ; -0.5063580766319655 ; 0.02762135864009957 ; 0.176776695296637 ; -0.003290284077968282 ; -0.6839193010010393 ; -0.02406612010359974 ; 0.4927403277997029 ; 0.01355194651940142)
 qmax epsboxes 28
solution([0.01011360667440503, 0.01104854345603981] ; [-0.5267320457174675, -0.5232657724128173] ; [0.029783814237983, 0.03148225560892598] ; [0.1823009670246568, 0.1878252387526768] ; [-0.007066439699403261, -0.004866109348589802] ; [-0.6824699269791828, -0.6806484408063893] ; [-0.02294108461333286, -0.02209708691207955] ; [0.4708333519983185, 0.4746689064007419] ; [0.01420001521259756, 0.01663134146408298]) psize 28 qposs 25 qvalid 18
 time 3.219274000000125
 nb boxes 2094
 depth 51
 valid point (0.01104854345603981 ; -0.5234202637197844 ; 0.03148225560892598 ; 0.1878252387526768 ; -0.006840198451099963 ; -0.6808979890975683 ; -0.02209708691207955 ; 0.4746689064007419 ; 0.01479930057647434)
 best sol point (0.01104854345603981 ; -0.5234202637197844 ; 0.03148225560892598 ; 0.1878252387526768 ; -0.006840198451099963 ; -0.6808979890975683 ; -0.02209708691207955 ; 0.4746689064007419 ; 0.01479930057647434)
 qmax epsboxes 28
solution([0.02118073950495245, 0.02209708691207962] ; [-0.5268353216026889, -0.5248872908913642] ; [0.0335181168377859, 0.03568372844714582] ; [0.1823009670246568, 0.1878252387526768] ; [-0.003827035326801085, -0.002049825119371917] ; [-0.6822668683604701, -0.680339100761952] ; [-0.03453075058509416, -0.03314563036811936] ; [0.4696437914250199, 0.471808095591439] ; [0.01905639584867171, 0.02184926739565248]) psize 30 qposs 30 qvalid 19
 time 6.70030000000049
 nb boxes 4262
 depth 53
 valid point (0.02209708691207962 ; -0.5268353216026888 ; 0.03568372844714582 ; 0.1878252387526768 ; -0.002049825119371917 ; -0.6804981335302915 ; -0.03429638156603292 ; 0.4697413919447465 ; 0.02066237101712041)
 best sol point (0.02209708691207962 ; -0.5268353216026888 ; 0.03568372844714582 ; 0.1878252387526768 ; -0.002049825119371917 ; -0.6804981335302915 ; -0.03429638156603292 ; 0.4697413919447465 ; 0.02066237101712041)
 qmax epsboxes 30
solution([0.02068101692046562, 0.02209708691207962] ; [-0.5299974483561285, -0.5284446574406109] ; [0.03140283851184844, 0.03338725402259509] ; [0.1878252387526767, 0.1933495104806967] ; [-0.002117393685023075, 5.551115123125783e-17] ; [-0.6807949642384749, -0.6788615567051301] ; [-0.03418257442909263, -0.03314563036811936] ; [0.4666331505272517, 0.468400967828889] ; [0.01864324215460455, 0.02141640350714068]) psize 30 qposs 30 qvalid 20
 time 6.7913400000005
 nb boxes 4308
 depth 51
 valid point (0.02209708691207962 ; -0.5284446574406109 ; 0.03153880960416797 ; 0.1933495104806967 ; 5.551115123125783e-17 ; -0.679159094763331 ; -0.03314563036811936 ; 0.468235771749984 ; 0.01906950099771119)
 best sol point (0.02209708691207962 ; -0.5284446574406109 ; 0.03153880960416797 ; 0.1933495104806967 ; 5.551115123125783e-17 ; -0.679159094763331 ; -0.03314563036811936 ; 0.468235771749984 ; 0.01906950099771119)
 qmax epsboxes 30
solution([0.0204699680145289, 0.02209708691207962] ; [-0.5300046392585017, -0.5284478695846512] ; [0.03110056194036165, 0.03315864715368315] ; [0.1961116463447065, 0.1988737822087166] ; [-0.001729251672861663, 5.551115123125783e-17] ; [-0.6785263748410344, -0.6772908911344036] ; [-0.03432082884028187, -0.03314563036811936] ; [0.4666331505272517, 0.4684024351636636] ; [0.01862883017010376, 0.02146399750124931]) psize 30 qposs 28 qvalid 22
 time 6.936494000000509
 nb boxes 4374
 depth 52
 valid point (0.02209708691207962 ; -0.5284478695846512 ; 0.03315864715368315 ; 0.1988737822087166 ; 5.551115123125783e-17 ; -0.6774503155813627 ; -0.03426498554578737 ; 0.4681497438103139 ; 0.02018902960123063)
 best sol point (0.02209708691207962 ; -0.5284478695846512 ; 0.03315864715368315 ; 0.1988737822087166 ; 5.551115123125783e-17 ; -0.6774503155813627 ; -0.03426498554578737 ; 0.4681497438103139 ; 0.02018902960123063)
 qmax epsboxes 30
solution([0.02138979904095127, 0.02209708691207962] ; [-0.5299469168414152, -0.5284478695846512] ; [0.03138299006797055, 0.03218711518937942] ; [0.1933495104806966, 0.1961116463447066] ; [-0.0007231837052307239, 5.551115123125783e-17] ; [-0.6792798978390872, -0.6781933881542435] ; [-0.0336586901435975, -0.03314563036811936] ; [0.4666331505272517, 0.4683378990862448] ; [0.01913516909636027, 0.02036932656549024]) psize 30 qposs 28 qvalid 23
 time 6.942935000000511
 nb boxes 4378
 depth 54
 valid point (0.02145014398841172 ; -0.5284478695846512 ; 0.03218711518937942 ; 0.1961116463447066 ; 5.551115123125783e-17 ; -0.6783061608852571 ; -0.03314563036811936 ; 0.4682782271956175 ; 0.01987578456857408)
 best sol point (0.02145014398841172 ; -0.5284478695846512 ; 0.03218711518937942 ; 0.1961116463447066 ; 5.551115123125783e-17 ; -0.6783061608852571 ; -0.03314563036811936 ; 0.4682782271956175 ; 0.01987578456857408)
 qmax epsboxes 30
solution([0.02139263165141466, 0.02209708691207962] ; [-0.5291973932130332, -0.5284478695846512] ; [0.03140656422550536, 0.03218711518937942] ; [0.1933495104806966, 0.1961116463447066] ; [-0.0006766308718019669, 5.551115123125783e-17] ; [-0.6792764746855073, -0.6781962275624449] ; [-0.03365764382862989, -0.03314563036811936] ; [0.4670903395584868, 0.4683355109124496] ; [0.01916950475140941, 0.02031805366839537]) psize 30 qposs 27 qvalid 24
 time 6.948527000000512
 nb boxes 4380
 depth 55
 valid point (0.02181224045605982 ; -0.5284478695846512 ; 0.03218711518937942 ; 0.1961116463447066 ; 5.551115123125783e-17 ; -0.6783119708976828 ; -0.03314563036811936 ; 0.4682556725193092 ; 0.01976811867693805)
 best sol point (0.02181224045605982 ; -0.5284478695846512 ; 0.03218711518937942 ; 0.1961116463447066 ; 5.551115123125783e-17 ; -0.6783119708976828 ; -0.03314563036811936 ; 0.4682556725193092 ; 0.01976811867693805)
 qmax epsboxes 30
solution([0.02007077832304494, 0.02209708691207962] ; [-0.5268729876784446, -0.5235023712022217] ; [0.03307189072257935, 0.03568372844714582] ; [0.1878252387526767, 0.1988737822087166] ; [-0.004203407365485935, 5.551115123125783e-17] ; [-0.6808755235541683, -0.6770859633206945] ; [-0.03611494487425628, -0.03314563036811936] ; [0.4695080409491393, 0.4740104111677287] ; [0.01869006071690963, 0.02277496469080109]) psize 30 qposs 30 qvalid 25
 time 6.979904000000517
 nb boxes 4398
 depth 50
 valid point (0.02209708691207962 ; -0.5235023712022217 ; 0.03344455990841141 ; 0.1915179090144218 ; 5.551115123125783e-17 ; -0.6795351807084095 ; -0.03424486373574005 ; 0.473586312183609 ; 0.02039703379539516)
 best sol point (0.02209708691207962 ; -0.5235023712022217 ; 0.03344455990841141 ; 0.1915179090144218 ; 5.551115123125783e-17 ; -0.6795351807084095 ; -0.03424486373574005 ; 0.473586312183609 ; 0.02039703379539516)
 qmax epsboxes 30
solution([0.01795388311606468, 0.01933495104806967] ; [-0.5234413508613664, -0.5201790467048197] ; [0.02540152272182344, 0.02694753584549299] ; [0.1878252387526767, 0.1933495104806967] ; [-0.001186787238611014, 5.551115123125783e-17] ; [-0.6812020128160517, -0.6793071171182463] ; [-0.02889366387989499, -0.02762135864009945] ; [0.4744431268046743, 0.4780141419522489] ; [0.01503240165798584, 0.01686950688505293]) psize 30 qposs 29 qvalid 26
 time 8.668524000000782
 nb boxes 5444
 depth 56
 valid point (0.01795388311606469 ; -0.5201790467048197 ; 0.02694753584549299 ; 0.1878252387526768 ; 5.551115123125783e-17 ; -0.6809735791422388 ; -0.02772023159024956 ; 0.4779163531697552 ; 0.0164188861757128)
 best sol point (0.01795388311606469 ; -0.5201790467048197 ; 0.02694753584549299 ; 0.1878252387526768 ; 5.551115123125783e-17 ; -0.6809735791422388 ; -0.02772023159024956 ; 0.4779163531697552 ; 0.0164188861757128)
 qmax epsboxes 31
solution([0.01619972354285273, 0.01625755710594332] ; [-0.5303300858899106, -0.5302828550892135] ; [0.02565619904027671, 0.02573817755120027] ; [0.1998952044246782, 0.2000204648290166] ; [-0.0006736960083961453, -0.0005696020499734049] ; [-0.6776825119988207, -0.6776455515021106] ; [-0.02573667231608012, -0.02569172491180009] ; [0.4665794718722168, 0.4666331505272518] ; [0.01523088267601817, 0.0153186254309877]) psize 27 qposs 27 qvalid 27
 time 52.0036470000306
 nb boxes 33820
 depth 56
 valid point (0.01625755710594332 ; -0.5303300858899105 ; 0.02573817755120027 ; 0.1999963636152768 ; -0.0006671979629247468 ; -0.6776455515021106 ; -0.02569172491180009 ; 0.4666331505272518 ; 0.01523933415639051)
 best sol point (0.01625755710594332 ; -0.5303300858899105 ; 0.02573817755120027 ; 0.1999963636152768 ; -0.0006671979629247468 ; -0.6776455515021106 ; -0.02569172491180009 ; 0.4666331505272518 ; 0.01523933415639051)
 qmax epsboxes 32
solution([0.00839646134082804, 0.008457647118298339] ; [-0.3150482359238971, -0.3147978643771902] ; [0.01142070127174468, 0.01180952312663064] ; [-0.04143203796014922, -0.04005097002814424] ; [-0.0002384659356723334, 5.551115123125783e-17] ; [-0.705991354902388, -0.7058375097849265] ; [-0.01558165906034921, -0.01545877890912636] ; [0.6327938276444872, 0.6329168203304277] ; [0.006898693829783552, 0.007090234512278664]) psize 28 qposs 28 qvalid 28
 time 4794.451798308568
 nb boxes 3709078
 depth 68
 valid point (0.008457647118298339 ; -0.3147978643771902 ; 0.01180952312663064 ; -0.04143203796014921 ; -0.0001054820094329841 ; -0.7058375097849265 ; -0.01545877890912636 ; 0.6329008894057709 ; 0.007022063019109026)
 best sol point (0.008457647118298339 ; -0.3147978643771902 ; 0.01180952312663064 ; -0.04143203796014921 ; -0.0001054820094329841 ; -0.7058375097849265 ; -0.01545877890912636 ; 0.6329008894057709 ; 0.007022063019109026)
 qmax epsboxes 34
solution([0.009222501917702921, 0.009290440062507932] ; [-0.2563373528460224, -0.2558168035809176] ; [0.01657281518405976, 0.01691808216706101] ; [-0.09322208541033581, -0.09253155144433332] ; [-0.001152384412459796, -0.0008343464995003036] ; [-0.7009560620693042, -0.7007706580823079] ; [-0.01737494248397812, -0.01720237303125932] ; [0.6587832893925873, 0.6589843042161252] ; [0.008239970150147594, 0.00858381353040108]) psize 29 qposs 29 qvalid 29
 time 4983.64403633164
 nb boxes 3826988
 depth 63
 valid point (0.009290440062507932 ; -0.2563373528460223 ; 0.01657281518405977 ; -0.09253155144433332 ; -0.0008343464995003036 ; -0.7007841774061041 ; -0.01737494248397811 ; 0.6587832893925874 ; 0.008425692356691026)
 best sol point (0.009290440062507932 ; -0.2563373528460223 ; 0.01657281518405977 ; -0.09253155144433332 ; -0.0008343464995003036 ; -0.7007841774061041 ; -0.01737494248397811 ; 0.6587832893925874 ; 0.008425692356691026)
 qmax epsboxes 34
solution([0.01016949175927386, 0.01038925468346536] ; [-0.2559312531177085, -0.2547160971448865] ; [0.01657281518405976, 0.01795388311606475] ; [-0.09667475524034825, -0.09391261937633829] ; [-0.0013427060338312, 5.551115123125783e-17] ; [-0.7007836035113913, -0.699975315984791] ; [-0.01906837494563287, -0.018501559932885] ; [0.6590311119034204, 0.6595013896094122] ; [0.008854834384638092, 0.009867692169816145]) psize 32 qposs 31 qvalid 30
 time 4988.973799332157
 nb boxes 3829680
 depth 58
 valid point (0.01016949175927387 ; -0.2547160971448865 ; 0.01657281518405977 ; -0.09391261937633829 ; -0.0003902026041781046 ; -0.7006029153214539 ; -0.01906837494563286 ; 0.6591938431687641 ; 0.008960079390428117)
 best sol point (0.01016949175927387 ; -0.2547160971448865 ; 0.01657281518405977 ; -0.09391261937633829 ; -0.0003902026041781046 ; -0.7006029153214539 ; -0.01906837494563286 ; 0.6591938431687641 ; 0.008960079390428117)
 qmax epsboxes 34
Number of branches : 7950120
time used : 9191.399287287865
 remaining small boxes  425272 max possible inliers in small boxes 36
 best sol point 0.01016949175927387 -0.2547160971448865 0.01657281518405977 -0.09391261937633829 -0.0003902026041781046 -0.7006029153214539 -0.01906837494563286 0.6591938431687641 0.008960079390428117 
 nb inliers 30
0  1  2  3  5  6  7  9  10  11  12  13  14  15  16  18  19  20  21  22  23  24  25  26  28  29  30  32  34  35  
essential (([-0.0001945006841256399, 5.499315874374966e-06] ; [-7.038439696084301e-05, 0.0001296156030395456] ; [-4.962214726484507e-05, 0.000150377852735178])
([-0.0001186787075986125, 8.132129240146076e-05] ; [-3.200825907564382e-06, 0.0001967991740924426] ; [-0.0001956602114942608, 4.339788506284044e-06])
([-0.0001471748100969103, 5.282518990310975e-05] ; [-0.000192838425733946, 7.161574266720177e-06] ; [-0.000183987565608106, 1.601243439190927e-05]))determinant [-4.669601766468428e-05, 0.0001533039823353197] time used 9191.399287287865  
 total branch number 7950120
